90.1	0.9065238
90.12	0.9485774
90.14	1.011852
90.16	1.048648
90.18	1.064198
90.2	1.068431
90.22	1.066618
90.24	1.061354
90.26	1.053991
90.28	1.045288
90.3	1.035701
90.32	1.025517
90.34	1.014924
90.36	1.004052
90.38	0.9929874
90.4	0.9817933
90.42	0.970514
90.44	0.9591816
90.46	0.947819
90.48	0.9364427
90.5	0.9250645
90.52	0.9136926
90.54	0.9023327
90.56	0.8909883
90.58	0.8796615
90.6	0.868353
90.62	0.8570629
90.64	0.8457904
90.66	0.8345342
90.68	0.8232925
90.7	0.8120632
90.72	0.8008439
90.74	0.7896321
90.76	0.7784249
90.78	0.7672196
90.8	0.7560131
90.82	0.7448022
90.84	0.733584
90.86	0.7223553
90.88	0.7111127
90.9	0.6998532
90.92	0.6885735
90.94	0.6772704
90.96	0.6659409
90.98	0.6545816
91.0	0.6431897
91.02	0.631762
91.04	0.6202958
91.06	0.6087881
91.08	0.5972365
91.1	0.5856384
91.12	0.5739914
91.14	0.5622937
91.16	0.5505434
91.18	0.538739
91.2	0.5268794
91.22	0.5149641
91.24	0.5029929
91.26	0.4909662
91.28	0.478885
91.3	0.4667513
91.32	0.4545677
91.34	0.4423379
91.36	0.4300665
91.38	0.4177596
91.4	0.4054244
91.42	0.3930696
91.44	0.3807054
91.46	0.3683439
91.48	0.3559987
91.5	0.3436855
91.52	0.3314215
91.54	0.3192262
91.56	0.3071203
91.58	0.2951265
91.6	0.2832686
91.62	0.2715717
91.64	0.2600614
91.66	0.2487633
91.68	0.2377031
91.7	0.2269054
91.72	0.2163936
91.74	0.2061892
91.76	0.1963113
91.78	0.1867766
91.8	0.1775987
91.82	0.168788
91.84	0.1603517
91.86	0.1522935
91.88	0.1446138
91.9	0.1373094
91.92	0.1303739
91.94	0.1237979
91.96	0.1175693
91.98	0.1116741
92.0	0.1060967
92.02	0.1008211
92.04	0.09583153
92.06	0.09111315
92.08	0.08665265
92.1	0.08243849
92.12	0.07846089
92.14	0.07471145
92.16	0.07118255
92.18	0.06786664
92.2	0.06475535
92.22	0.06183892
92.24	0.05910567
92.26	0.05654193
92.28	0.0541323
92.3	0.05186019
92.32	0.04970879
92.34	0.04766204
92.36	0.04570572
92.38	0.0438284
92.4	0.04202206
92.42	0.04028243
92.44	0.0386089
92.46	0.03700394
92.48	0.0354723
92.5	0.03401987
92.52	0.03265244
92.54	0.03137449
92.56	0.03018817
92.58	0.02909249
92.6	0.028083
92.62	0.02715179
92.64	0.02628797
92.66	0.02547847
92.68	0.02470909
92.7	0.02396582
92.72	0.02323598
92.74	0.02250938
92.76	0.02177917
92.78	0.02104234
92.8	0.0202999
92.82	0.01955657
92.84	0.01882017
92.86	0.01810069
92.88	0.01740918
92.9	0.0167565
92.92	0.01615214
92.94	0.0156032
92.96	0.01511358
92.98	0.0146835
93.0	0.0143094
93.02	0.01398417
93.04	0.01369777
93.06	0.0134381
93.08	0.01319208
93.1	0.01294675
93.12	0.01269046
93.14	0.01241384
93.16	0.01211059
93.18	0.01177795
93.2	0.0114169
93.22	0.01103195
93.24	0.01063072
93.26	0.01022313
93.28	0.009820532
93.3	0.009434603
93.32	0.009076327
93.34	0.008754999
93.36	0.0084774
93.38	0.008247202
93.4	0.008064653
93.42	0.007926556
93.44	0.007826551
93.46	0.007755667
93.48	0.007703088
93.5	0.007657073
93.52	0.007605933
93.54	0.007539002
93.56	0.007447496
93.58	0.007325203
93.6	0.007168952
93.62	0.006978819
93.64	0.006758059
93.66	0.006512786
93.68	0.006251419
93.7	0.005983956
93.72	0.005721127
93.74	0.005473504
93.76	0.005250637
93.78	0.005060284
93.8	0.004907797
93.82	0.004795709
93.84	0.004723555
93.86	0.004687935
93.88	0.004682814
93.9	0.004700032
93.92	0.004729966
93.94	0.004762318
93.96	0.004786926
93.98	0.004794561
94.0	0.004777637
94.02	0.004730775
94.04	0.004651184
94.06	0.00453884
94.08	0.004396438
94.1	0.004229139
94.12	0.00404413
94.14	0.003850035
94.16	0.003656227
94.18	0.003472092
94.2	0.003306302
94.22	0.003166156
94.24	0.003057033
94.26	0.002982
94.28	0.002941603
94.3	0.002933858
94.32	0.002954425
94.34	0.00299697
94.36	0.003053674
94.38	0.003115842
94.4	0.003174572
94.42	0.003221434
94.44	0.003249093
94.46	0.003251847
94.48	0.003226028
94.5	0.003170246
94.52	0.003085453
94.54	0.002974842
94.56	0.002843568
94.58	0.002698339
94.6	0.002546891
94.62	0.002397398
94.64	0.00225786
94.66	0.002135511
94.68	0.002036289
94.7	0.001964415
94.72	0.0019221
94.74	0.001909404
94.76	0.001924261
94.78	0.001962655
94.8	0.002018939
94.82	0.002086277
94.84	0.002157158
94.86	0.002223954
94.88	0.002279485
94.9	0.002317535
94.92	0.002333292
94.94	0.002323677
94.96	0.002287541
94.98	0.002225726
95.0	0.002140966
95.02	0.002037669
95.04	0.001921569
95.06	0.001799296
95.08	0.001677884
95.1	0.001564254
95.12	0.001464722
95.14	0.001384544
95.16	0.001327554
95.18	0.001295905
95.2	0.00128993
95.22	0.001308143
95.24	0.001347369
95.26	0.00140299
95.28	0.001469296
95.3	0.001539912
95.32	0.001608257
95.34	0.001668022
95.36	0.001713617
95.38	0.001740559
95.4	0.001745778
95.42	0.00172781
95.44	0.001686887
95.46	0.001624892
95.48	0.001545206
95.5	0.001452443
95.52	0.001352114
95.54	0.001250222
95.56	0.00115283
95.58	0.001065634
95.6	0.0009935631
95.62	0.0009404415
95.64	0.0009087296
95.66	0.0008993675
95.68	0.0009117256
95.7	0.0009436672
95.72	0.0009917176
95.74	0.001051324
95.76	0.00111719
95.78	0.001183658
95.8	0.001245109
95.82	0.00129636
95.84	0.001333019
95.86	0.001351784
95.88	0.00135066
95.9	0.001329082
95.92	0.001287933
95.94	0.00122947
95.96	0.001157141
95.98	0.001075338
96.0	0.0009890778
96.02	0.0009036409
96.04	0.0008242068
96.06	0.0007554913
96.08	0.0007014263
96.1	0.0006648923
96.12	0.000647533
96.14	0.0006496514
96.16	0.0006702063
96.18	0.0007068977
96.2	0.0007563412
96.22	0.0008143161
96.24	0.0008760649
96.26	0.0009366337
96.28	0.0009912121
96.3	0.00103547
96.32	0.001065845
96.34	0.001079786
96.36	0.00107591
96.38	0.001054089
96.4	0.001015441
96.42	0.0009622394
96.44	0.0008977433
96.46	0.0008259615
96.48	0.0007513698
96.5	0.000678599
96.52	0.0006121122
96.54	0.0005559057
96.56	0.000513233
96.58	0.0004863956
96.6	0.00047659
96.62	0.0004838397
96.64	0.0005070059
96.66	0.0005438745
96.68	0.0005913249
96.7	0.0006455462
96.72	0.0007023134
96.74	0.0007572741
96.76	0.000806252
96.78	0.00084553
96.8	0.0008720947
96.82	0.0008838425
96.84	0.0008797024
96.86	0.0008597074
96.88	0.0008249742
96.9	0.0007776157
96.92	0.0007205926
96.94	0.000657493
96.96	0.0005922939
96.98	0.0005290775
97.0	0.0004717581
97.02	0.0004238182
97.04	0.0003880711
97.06	0.0003664852
97.08	0.0003600481
97.1	0.0003687187
97.12	0.0003914328
97.14	0.0004261882
97.16	0.0004701916
97.18	0.0005200492
97.2	0.0005720128
97.22	0.0006222259
97.24	0.0006669952
97.26	0.0007030351
97.28	0.0007276815
97.3	0.0007390771
97.32	0.0007362728
97.34	0.000719297
97.36	0.0006891362
97.38	0.0006476567
97.4	0.0005974819
97.42	0.0005417922
97.44	0.0004841204
97.46	0.0004281023
97.48	0.0003772309
97.5	0.0003346311
97.52	0.0003028395
97.54	0.0002836525
97.56	0.0002780025
97.58	0.0002859061
97.6	0.0003064748
97.62	0.000337973
97.64	0.000377956
97.66	0.0004234268
97.68	0.000471052
97.7	0.0005173879
97.72	0.000559103
97.74	0.000593218
97.76	0.0006172831
97.78	0.0006295497
97.8	0.0006290811
97.82	0.0006157939
97.84	0.0005904776
97.86	0.0005547137
97.88	0.0005107723
97.9	0.0004614603
97.92	0.0004099114
97.94	0.0003593954
97.96	0.000313084
97.98	0.0002738426
98.0	0.0002440512
98.02	0.0002254322
98.04	0.0002189591
98.06	0.0002247851
98.08	0.0002422419
98.1	0.0002698996
98.12	0.0003056516
98.14	0.0003468795
98.16	0.0003906188
98.18	0.0004337599
98.2	0.0004732705
98.22	0.000506373
98.24	0.0005307495
98.26	0.0005446833
98.28	0.0005471569
98.3	0.0005379395
98.32	0.000517569
98.34	0.0004873227
98.36	0.0004491351
98.38	0.0004054397
98.4	0.0003590305
98.42	0.00031286
98.44	0.0002698367
98.46	0.000232654
98.48	0.0002035881
98.5	0.0001843672
98.52	0.0001760594
98.54	0.0001789937
98.56	0.0001927646
98.58	0.0002162455
98.6	0.0002476765
98.62	0.0002847935
98.64	0.0003249608
98.66	0.0003653726
98.68	0.0004032264
98.7	0.000435901
98.72	0.0004611546
98.74	0.0004772394
98.76	0.0004830282
98.78	0.000478096
98.8	0.0004627105
98.82	0.0004378404
98.84	0.0004050779
98.86	0.0003665096
98.88	0.0003246096
98.9	0.0002820488
98.92	0.0002415179
98.94	0.0002055729
98.96	0.0001764385
98.98	0.0001558812
99.0	0.0001450996
99.02	0.0001446285
99.04	0.0001543335
99.06	0.0001734084
99.08	0.0002004299
99.1	0.0002334762
99.12	0.0002702295
99.14	0.0003081471
99.16	0.0003446385
99.18	0.0003772059
99.2	0.0004036387
99.22	0.0004221493
99.24	0.0004314626
99.26	0.0004309358
99.28	0.0004205733
99.3	0.0004010092
99.32	0.0003735003
99.34	0.0003398072
99.36	0.0003020759
99.38	0.0002627262
99.4	0.0002242558
99.42	0.0001890886
99.44	0.0001594349
99.46	0.0001371158
99.48	0.0001234678
99.5	0.0001192614
99.52	0.0001246303
99.54	0.0001390931
99.56	0.0001615775
99.58	0.0001904804
99.6	0.0002238055
99.62	0.0002592724
99.64	0.0002944644
99.66	0.000327018
99.68	0.0003547425
99.7	0.0003757684
99.72	0.0003886979
99.74	0.0003926523
99.76	0.0003873384
99.78	0.0003730938
99.8	0.0003508181
99.82	0.0003219256
99.84	0.0002882783
99.86	0.00025202
99.88	0.0002154514
99.9	0.0001809022
99.92	0.0001505426
99.94	0.0001262588
99.96	0.0001095491
99.98	0.0001013953
100.0	0.0001022216
100.02	0.0001118779
100.04	0.0001296243
100.06	0.000154206
100.08	0.0001839404
100.1	0.0002167987
100.12	0.0002505708
100.14	0.0002830092
100.16	0.0003119408
100.18	0.0003354434
100.2	0.0003519715
100.22	0.0003604141
100.24	0.000360199
100.26	0.0003513387
100.28	0.0003343812
100.3	0.0003103993
100.32	0.0002809406
100.34	0.0002478797
100.36	0.0002133123
100.38	0.0001794468
100.4	0.000148422
100.42	0.0001221759
100.44	0.0001023496
100.46	9.01522e-05
100.48	8.628507e-05
100.5	9.092591e-05
100.52	0.0001036928
100.54	0.0001236706
100.56	0.0001495003
100.58	0.0001794426
100.6	0.0002114862
100.62	0.000243514
100.64	0.0002734162
100.66	0.000299207
100.68	0.0003191959
100.7	0.0003320821
100.72	0.0003370008
100.74	0.0003336166
100.76	0.0003221527
100.78	0.0003033276
100.8	0.0002783279
100.82	0.0002487619
100.84	0.0002165136
100.86	0.0001836166
100.88	0.0001521625
100.9	0.000124144
100.92	0.0001013052
100.94	8.506428e-05
100.96	7.641938e-05
100.98	7.585777e-05
101.0	8.335073e-05
101.02	9.836492e-05
101.04	0.0001198681
101.06	0.0001464129
101.08	0.0001762525
101.1	0.0002074208
101.12	0.0002378598
101.14	0.0002655886
101.16	0.0002888083
101.18	0.0003059897
101.2	0.0003160093
101.22	0.0003182287
101.24	0.0003124891
101.26	0.0002991327
101.28	0.0002790182
101.3	0.0002534337
101.32	0.0002239887
101.34	0.0001925498
101.36	0.000161125
101.38	0.0001316966
101.4	0.0001061067
101.42	8.596791e-05
101.44	7.253651e-05
101.46	6.661903e-05
101.48	6.855121e-05
101.5	7.817423e-05
101.52	9.481985e-05
101.54	0.000117373
101.56	0.0001443615
101.58	0.0001740223
101.6	0.0002044104
101.62	0.0002335581
101.64	0.0002595918
101.66	0.0002808171
101.68	0.0002958487
101.7	0.0003037274
101.72	0.0003039487
101.74	0.0002964726
101.76	0.0002817615
101.78	0.0002607634
101.8	0.0002348098
101.82	0.0002055276
101.84	0.0001747723
101.86	0.0001445036
101.88	0.0001166273
101.9	9.288673e-05
101.92	7.477805e-05
101.94	6.343715e-05
101.96	5.954929e-05
101.98	6.33286e-05
102.0	7.45153e-05
102.02	9.236781e-05
102.04	0.0001157091
102.06	0.0001430293
102.08	0.0001725769
102.1	0.0002024424
102.12	0.0002306924
102.14	0.000255521
102.16	0.0002753479
102.18	0.0002888898
102.2	0.0002952606
102.22	0.0002940562
102.24	0.0002853591
102.26	0.0002697031
102.28	0.0002480599
102.3	0.0002218047
102.32	0.0001926087
102.34	0.0001623069
102.36	0.0001327992
102.38	0.0001059541
102.4	8.347276e-05
102.42	6.676128e-05
102.44	5.6857e-05
102.46	5.438076e-05
102.48	5.94821e-05
102.5	7.181478e-05
102.52	9.057582e-05
102.54	0.0001145709
102.56	0.0001422724
102.58	0.0001719012
102.6	0.0002015596
102.62	0.0002293681
102.64	0.0002535654
102.66	0.0002725993
102.68	0.0002852411
102.7	0.0002906887
102.72	0.0002886035
102.74	0.0002791048
102.76	0.0002627679
102.78	0.0002406162
102.8	0.0002140576
102.82	0.0001847679
102.84	0.0001545788
102.86	0.0001253851
102.88	9.903631e-05
102.9	7.720197e-05
102.92	6.125218e-05
102.94	5.218446e-05
102.96	5.057582e-05
102.98	5.653641e-05
103.0	6.968639e-05
103.02	8.918664e-05
103.04	0.0001138088
103.06	0.0001420097
103.08	0.0001720088
103.1	0.0002018993
103.12	0.0002297871
103.14	0.0002539199
103.16	0.0002727799
103.18	0.0002851632
103.2	0.0002902659
103.22	0.0002877567
103.24	0.0002777977
103.26	0.0002610121
103.28	0.0002384366
103.3	0.0002114725
103.32	0.0001818146
103.34	0.0001513382
103.36	0.0001219631
103.38	9.553019e-05
103.4	7.370184e-05
103.42	5.786618e-05
103.44	4.903945e-05
103.46	4.778899e-05
103.48	5.420075e-05
103.5	6.788691e-05
103.52	8.801179e-05
103.54	0.0001133312
103.56	0.0001422612
103.58	0.0001729863
103.6	0.0002035857
103.62	0.0002321532
103.64	0.0002569016
103.66	0.0002762664
103.68	0.0002890138
103.7	0.0002943339
103.72	0.0002918927
103.74	0.0002818393
103.76	0.0002647867
103.78	0.0002417804
103.8	0.0002142487
103.82	0.0001839193
103.84	0.0001527019
103.86	0.0001225576
103.88	9.537677e-05
103.9	7.287268e-05
103.92	5.648048e-05
103.94	4.726161e-05
103.96	4.582632e-05
103.98	5.229231e-05
104.0	6.628407e-05
104.02	8.696274e-05
104.04	0.0001130749
104.06	0.0001430202
104.08	0.0001749456
104.1	0.0002068655
104.12	0.0002367955
104.14	0.0002628787
104.16	0.0002834943
104.18	0.0002973499
104.2	0.0003035612
104.22	0.000301717
104.24	0.0002919153
104.26	0.0002747595
104.28	0.0002513145
104.3	0.0002230336
104.32	0.0001916691
104.34	0.0001591724
104.36	0.00012758
104.38	9.888797e-05
104.4	7.492055e-05
104.42	5.721026e-05
104.44	4.690116e-05
104.46	4.46819e-05
104.48	5.074632e-05
104.5	6.477908e-05
104.52	8.596787e-05
104.54	0.0001130468
104.56	0.0001443734
104.58	0.0001780341
104.6	0.0002119673
104.62	0.0002440915
104.64	0.0002724291
104.66	0.0002952244
104.68	0.0003110511
104.7	0.0003189059
104.72	0.0003182785
104.74	0.0003091886
104.76	0.000292186
104.78	0.0002683142
104.8	0.0002390434
104.82	0.0002061815
104.84	0.0001717676
104.86	0.0001379516
104.88	0.000106864
104.9	8.048233e-05
104.92	6.050389e-05
104.94	4.823619e-05
104.96	4.451364e-05
104.98	4.964584e-05
105.0	6.339875e-05
105.02	8.500749e-05
105.04	0.0001132192
105.06	0.0001463646
105.08	0.0001824562
105.1	0.0002193089
105.12	0.000254676
105.14	0.0002863902
105.16	0.0003125003
105.18	0.0003313924
105.2	0.0003418889
105.22	0.0003433218
105.24	0.0003355748
105.26	0.0003190946
105.28	0.0002948696
105.3	0.0002643749
105.32	0.0002294865
105.34	0.0001923689
105.36	0.0001553419
105.38	0.000120737
105.4	9.075273e-05
105.42	6.731798e-05
105.44	5.19726e-05
105.46	4.577114e-05
105.48	4.921553e-05
105.5	6.222009e-05
105.52	8.411147e-05
105.54	0.0001136641
105.56	0.00014917
105.58	0.0001885395
105.6	0.0002294273
105.62	0.0002693754
105.64	0.0003059644
105.66	0.0003369634
105.68	0.0003604684
105.7	0.0003750211
105.72	0.0003797013
105.74	0.0003741863
105.76	0.0003587762
105.78	0.0003343803
105.8	0.000302468
105.82	0.0002649846
105.84	0.0002242377
105.86	0.0001827598
105.88	0.0001431552
105.9	0.0001079414
105.92	7.939293e-05
105.94	5.939917e-05
105.96	4.934437e-05
105.98	5.00176e-05
106.0	6.155854e-05
106.02	8.344278e-05
106.04	0.0001145076
106.06	0.0001530172
106.08	0.0001967629
106.1	0.0002431939
106.12	0.0002895687
106.14	0.0003331212
106.16	0.0003712282
106.18	0.0004015714
106.2	0.0004222814
106.22	0.000432057
106.24	0.0004302508
106.26	0.0004169163
106.28	0.0003928132
106.3	0.0003593693
106.32	0.0003186019
106.34	0.0002730024
106.36	0.0002253901
106.38	0.000178745
106.4	0.0001360277
106.42	9.999922e-05
106.44	7.304968e-05
106.46	5.704814e-05
106.48	5.322168e-05
106.5	6.207234e-05
106.52	8.333702e-05
106.54	0.0001159935
106.56	0.0001583129
106.58	0.0002079553
106.6	0.0002621044
106.62	0.0003176322
106.64	0.0003712849
106.66	0.0004198789
106.68	0.000460495
106.7	0.0004906587
106.72	0.0005084971
106.74	0.0005128604
106.76	0.0005034024
106.78	0.0004806132
106.8	0.0004458028
106.82	0.000401034
106.84	0.0003490095
106.86	0.000292919
106.88	0.0002362538
106.9	0.0001826007
106.92	0.0001354259
106.94	9.786395e-05
106.96	7.25214e-05
106.98	6.131055e-05
107.0	6.532154e-05
107.02	8.474231e-05
107.04	0.0001188318
107.06	0.0001659489
107.08	0.0002236363
107.1	0.0002887553
107.12	0.0003576636
107.14	0.0004264268
107.16	0.0004910508
107.18	0.0005477215
107.2	0.0005930385
107.22	0.0006242273
107.24	0.0006393178
107.26	0.0006372785
107.28	0.0006180966
107.3	0.0005827987
107.32	0.0005334103
107.34	0.0004728544
107.36	0.0004047946
107.38	0.0003334307
107.4	0.0002632573
107.42	0.0001988007
107.44	0.0001443462
107.46	0.000103676
107.48	7.982944e-05
107.5	7.490375e-05
107.52	8.990669e-05
107.54	0.0001246713
107.56	0.0001778397
107.58	0.0002469175
107.6	0.0003283989
107.62	0.0004179536
107.64	0.0005106687
107.66	0.00060133
107.68	0.0006847272
107.7	0.0007559666
107.72	0.0008107714
107.74	0.0008457523
107.76	0.0008586326
107.78	0.0008484122
107.8	0.0008154609
107.82	0.0007615327
107.84	0.000689699
107.86	0.0006042025
107.88	0.0005102369
107.9	0.0004136652
107.92	0.000320689
107.94	0.0002374889
107.96	0.0001698543
107.98	0.0001228264
108.0	0.0001003742
108.02	0.0001051244
108.04	0.0001381643
108.06	0.0001989293
108.08	0.0002851867
108.1	0.0003931177
108.12	0.0005174966
108.14	0.0006519591
108.16	0.0007893458
108.18	0.000922103
108.2	0.001042719
108.22	0.001144173
108.24	0.001220363
108.26	0.001266505
108.28	0.001279457
108.3	0.001257965
108.32	0.001202807
108.34	0.001116826
108.36	0.001004835
108.38	0.00087342
108.4	0.000730618
108.42	0.0005855042
108.44	0.0004477004
108.46	0.0003268306
108.48	0.0002319535
108.5	0.0001710029
108.52	0.0001502717
108.54	0.0001739684
108.56	0.0002438784
108.58	0.0003591522
108.6	0.0005162412
108.62	0.0007089878
108.64	0.0009288739
108.66	0.001165418
108.68	0.001406704
108.7	0.001640015
108.72	0.001852544
108.74	0.00203214
108.76	0.002168045
108.78	0.002251594
108.8	0.002276825
108.82	0.002240971
108.84	0.002144797
108.86	0.001992761
108.88	0.001792986
108.9	0.001557016
108.92	0.001299381
108.94	0.001036956
108.96	0.0007881489
108.98	0.0005719461
109.0	0.0004068577
109.02	0.0003098193
109.04	0.0002951089
109.06	0.0003733466
109.08	0.0005506375
109.1	0.0008279172
109.12	0.001200547
109.14	0.001658198
109.16	0.002185044
109.18	0.002760275
109.2	0.003358925
109.22	0.003952985
109.24	0.004512757
109.26	0.005008394
109.28	0.005411548
109.3	0.005697063
109.32	0.005844643
109.34	0.005840424
109.36	0.005678404
109.38	0.005361662
109.4	0.00490331
109.42	0.004327088
109.44	0.003667555
109.46	0.002969802
109.48	0.002288649
109.5	0.001687318
109.52	0.001235571
109.54	0.00100734
109.56	0.001077886
109.58	0.00152057
109.6	0.002403364
109.62	0.003785305
109.64	0.005713123
109.66	0.008218266
109.68	0.01131452
109.7	0.01499642
109.72	0.01923844
109.74	0.02399527
109.76	0.02920301
109.78	0.03478131
109.8	0.04063632
109.82	0.04666409
109.84	0.05275418
109.86	0.05879313
109.88	0.06466784
109.9	0.07026869
109.92	0.07549247
109.94	0.08024474
109.96	0.08444174
109.98	0.0880115
110.0	0.09089448
110.02	0.09304397
110.04	0.0944264
110.06	0.09502177
110.08	0.09482367
110.1	0.09383905
110.12	0.09208765
110.14	0.08960146
110.16	0.08642442
110.18	0.08261219
110.2	0.07823182
110.22	0.07336074
110.24	0.06808531
110.26	0.06249911
110.28	0.05670131
110.3	0.05079493
110.32	0.04488455
110.34	0.03907336
110.36	0.03345985
110.38	0.02813472
110.4	0.02317821
110.42	0.01865779
110.44	0.01462605
110.46	0.0111189
110.48	0.008154648
110.5	0.005734063
110.52	0.00384146
110.54	0.002446339
110.56	0.001505472
110.58	0.0009654682
110.6	0.0007657492
110.62	0.0008416462
110.64	0.001127335
110.66	0.001558516
110.68	0.002074832
110.7	0.002621854
110.72	0.00315249
110.74	0.003627854
110.76	0.004017846
110.78	0.004301464
110.8	0.004466608
110.82	0.004509325
110.84	0.004432806
110.86	0.004246469
110.88	0.003965016
110.9	0.003607141
110.92	0.003193967
110.94	0.00274764
110.96	0.0022903
110.98	0.001843117
111.0	0.001425186
111.02	0.001052542
111.04	0.0007376052
111.06	0.0004889779
111.08	0.0003113021
111.1	0.0002052278
111.12	0.0001676618
111.14	0.0001922591
111.16	0.0002699999
111.18	0.0003898609
111.2	0.0005395929
111.22	0.0007064422
111.24	0.0008777485
111.26	0.001041608
111.28	0.001187597
111.3	0.001307215
111.32	0.001393983
111.34	0.001443601
111.36	0.001454246
111.38	0.001426558
111.4	0.001363181
111.42	0.001268409
111.44	0.001148108
111.46	0.001009382
111.48	0.0008598672
111.5	0.0007072147
111.52	0.0005589063
111.54	0.0004219178
111.56	0.0003021766
111.58	0.0002042672
111.6	0.0001314076
111.62	8.53592e-05
111.64	6.632211e-05
111.66	7.301479e-05
111.68	0.0001028459
111.7	0.0001521268
111.72	0.000216378
111.74	0.0002905823
111.76	0.0003693822
111.78	0.0004474794
111.8	0.0005200484
111.82	0.0005828024
111.84	0.0006320811
111.86	0.0006652642
111.88	0.0006809079
111.9	0.0006784633
111.92	0.0006583161
111.94	0.0006220183
111.96	0.0005719719
111.98	0.0005110277
112.0	0.0004425736
112.02	0.0003704326
112.04	0.0002983463
112.06	0.0002298032
112.08	0.0001680933
112.1	0.0001160118
112.12	7.560332e-05
112.14	4.822332e-05
112.16	3.451747e-05
112.18	3.433589e-05
112.2	4.678117e-05
112.22	7.029872e-05
112.24	0.0001028374
112.26	0.0001419753
112.28	0.0001849461
112.3	0.0002289105
112.32	0.000271225
112.34	0.0003093386
112.36	0.0003409708
112.38	0.0003644878
112.4	0.0003787057
112.42	0.0003828418
112.44	0.0003769046
112.46	0.0003614696
112.48	0.0003374032
112.5	0.0003061815
112.52	0.0002696948
112.54	0.0002298441
112.56	0.0001887563
112.58	0.0001486526
112.6	0.0001114532
112.62	7.890806e-05
112.64	5.254126e-05
112.66	3.338532e-05
112.68	2.205532e-05
112.7	1.877076e-05
112.72	2.328328e-05
112.74	3.49018e-05
112.76	5.258186e-05
112.78	7.504555e-05
112.8	0.0001007275
112.82	0.0001279249
112.84	0.0001550435
112.86	0.0001804188
112.88	0.0002025318
112.9	0.0002202676
112.92	0.0002325943
112.94	0.0002388554
112.96	0.0002389133
112.98	0.0002327353
113.0	0.0002207558
113.02	0.0002038094
113.04	0.0001827458
113.06	0.0001588028
113.08	0.0001333306
113.1	0.0001075667
113.12	8.291785e-05
113.14	6.060202e-05
113.16	4.162241e-05
113.18	2.689235e-05
113.2	1.698066e-05
113.22	1.21814e-05
113.24	1.254918e-05
113.26	1.782857e-05
113.28	2.747661e-05
113.3	4.078561e-05
113.32	5.685455e-05
113.34	7.458893e-05
113.36	9.297207e-05
113.38	0.0001108648
113.4	0.0001272003
113.42	0.0001411559
113.44	0.0001518482
113.46	0.0001587907
113.48	0.0001616512
113.5	0.0001602251
113.52	0.0001547777
113.54	0.0001455399
113.56	0.000133096
113.58	0.0001181953
113.6	0.0001015522
113.62	8.417642e-05
113.64	6.690034e-05
113.66	5.062372e-05
113.68	3.619159e-05
113.7	2.422418e-05
113.72	1.531499e-05
113.74	9.792979e-06
113.76	7.815104e-06
113.78	9.374991e-06
113.8	1.423053e-05
113.82	2.198084e-05
113.84	3.212271e-05
113.86	4.394083e-05
113.88	5.676164e-05
113.9	6.979108e-05
113.92	8.225412e-05
113.94	9.351204e-05
113.96	0.0001028351
113.98	0.0001098401
114.0	0.000114059
114.02	0.00011535
114.04	0.0001136672
114.06	0.0001090814
114.08	0.0001019673
114.1	9.261069e-05
114.12	8.165477e-05
114.14	6.959342e-05
114.16	5.713385e-05
114.18	4.490198e-05
114.2	3.350555e-05
114.22	2.355127e-05
114.24	1.545708e-05
114.26	9.640553e-06
114.28	6.294025e-06
114.3	5.531183e-06
114.32	7.310021e-06
114.34	1.142425e-05
114.36	1.76075e-05
114.38	2.541182e-05
114.4	3.438443e-05
114.42	4.397059e-05
114.44	5.360589e-05
114.46	6.277356e-05
114.48	7.090332e-05
114.5	7.763417e-05
114.52	8.250415e-05
114.54	8.537856e-05
114.56	8.599651e-05
114.58	8.446709e-05
114.6	8.077673e-05
114.62	7.524699e-05
114.64	6.809996e-05
114.66	5.980025e-05
114.68	5.074056e-05
114.7	4.14359e-05
114.72	3.234921e-05
114.74	2.394751e-05
114.76	1.665341e-05
114.78	1.080004e-05
114.8	6.674427e-06
114.82	4.418164e-06
114.84	4.123079e-06
114.86	5.72027e-06
114.88	9.093343e-06
114.9	1.39854e-05
114.92	2.010569e-05
114.94	2.706757e-05
114.96	3.447713e-05
114.98	4.189899e-05
115.0	4.892771e-05
115.02	5.51656e-05
115.04	6.028765e-05
115.06	6.400763e-05
115.08	6.615396e-05
115.1	6.659849e-05
115.12	6.536225e-05
115.14	6.248656e-05
115.16	5.8183e-05
115.18	5.263837e-05
115.2	4.621249e-05
115.22	3.918566e-05
115.24	3.199258e-05
115.26	2.493966e-05
115.28	1.84482e-05
115.3	1.278202e-05
115.32	8.265643e-06
115.34	5.06289e-06
115.36	3.342607e-06
115.38	3.130785e-06
115.4	4.420941e-06
115.42	7.08722e-06
115.44	1.097186e-05
115.46	1.58089e-05
115.48	2.134847e-05
115.5	2.722325e-05
115.52	3.316504e-05
115.54	3.877062e-05
115.56	4.381693e-05
115.58	4.795058e-05
115.6	5.102895e-05
115.62	5.283638e-05
115.64	5.33172e-05
115.66	5.245372e-05
115.68	5.027071e-05
115.7	4.695174e-05
115.72	4.259998e-05
115.74	3.753837e-05
115.76	3.195115e-05
115.78	2.619954e-05
115.8	2.053469e-05
115.82	1.526391e-05
115.84	1.065336e-05
115.86	6.907234e-06
115.88	4.228159e-06
115.9	2.704185e-06
115.92	2.414453e-06
115.94	3.323706e-06
115.96	5.38169e-06
115.98	8.424515e-06
116.0	1.230299e-05
116.02	1.675709e-05
116.04	2.155906e-05
116.06	2.644003e-05
116.08	3.110497e-05
116.1	3.535947e-05
116.12	3.890351e-05
116.14	4.161974e-05
116.16	4.332916e-05
116.18	4.394202e-05
116.2	4.348289e-05
116.22	4.190435e-05
116.24	3.937373e-05
116.26	3.598061e-05
116.28	3.190943e-05
116.3	2.741535e-05
116.32	2.266938e-05
116.34	1.797445e-05
116.36	1.353688e-05
116.38	9.577787e-06
116.4	6.316753e-06
116.42	3.875075e-06
116.44	2.391733e-06
116.46	1.907486e-06
116.48	2.43719e-06
116.5	3.932677e-06
116.52	6.288018e-06
116.54	9.385872e-06
116.56	1.30147e-05
116.58	1.700265e-05
116.6	2.112369e-05
116.62	2.512635e-05
116.64	2.885019e-05
116.66	3.205122e-05
116.68	3.456986e-05
116.7	3.631833e-05
116.72	3.714392e-05
116.74	3.705122e-05
116.76	3.606031e-05
116.78	3.417188e-05
116.8	3.154737e-05
116.82	2.830816e-05
116.84	2.459175e-05
116.86	2.064489e-05
116.88	1.66381e-05
116.9	1.276545e-05
116.92	9.257725e-06
116.94	6.257027e-06
116.96	3.914704e-06
116.98	2.355548e-06
117.0	1.626221e-06
117.02	1.765664e-06
117.04	2.748166e-06
117.06	4.500876e-06
117.08	6.940542e-06
117.1	9.907819e-06
117.12	1.324036e-05
117.14	1.678395e-05
117.16	2.031497e-05
117.18	2.365048e-05
117.2	2.665077e-05
117.22	2.912032e-05
117.24	3.093037e-05
117.26	3.203372e-05
117.28	3.234038e-05
117.3	3.182281e-05
117.32	3.055935e-05
117.34	2.859646e-05
117.36	2.600917e-05
117.38	2.297385e-05
117.4	1.964481e-05
117.42	1.615837e-05
117.44	1.271645e-05
117.46	9.504355e-06
117.48	6.654295e-06
117.5	4.314259e-06
117.52	2.611147e-06
117.54	1.60709e-06
117.56	1.346023e-06
117.58	1.841873e-06
117.6	3.046008e-06
117.62	4.889683e-06
117.64	7.283266e-06
117.66	1.007965e-05
117.68	1.312237e-05
117.7	1.627445e-05
117.72	1.936417e-05
117.74	2.220455e-05
117.76	2.466691e-05
117.78	2.66468e-05
117.8	2.801688e-05
117.82	2.869474e-05
117.84	2.867974e-05
117.86	2.79812e-05
117.88	2.660535e-05
117.9	2.462611e-05
117.92	2.217601e-05
117.94	1.937481e-05
117.96	1.63404e-05
117.98	1.323583e-05
118.0	1.023711e-05
118.02	7.483563e-06
118.04	5.097043e-06
118.06	3.204068e-06
118.08	1.903498e-06
118.1	1.245017e-06
118.12	1.251591e-06
118.14	1.925271e-06
118.16	3.223576e-06
118.18	5.063271e-06
118.2	7.348936e-06
118.22	9.971078e-06
118.24	1.278579e-05
118.26	1.563161e-05
118.28	1.836703e-05
118.3	2.086932e-05
118.32	2.30082e-05
118.34	2.465583e-05
118.36	2.572738e-05
118.38	2.618941e-05
118.4	2.602852e-05
118.42	2.523865e-05
118.44	2.38483e-05
118.46	2.193983e-05
118.48	1.962705e-05
118.5	1.70244e-05
118.52	1.424815e-05
118.54	1.143445e-05
118.56	8.735135e-06
118.58	6.291094e-06
118.6	4.216005e-06
118.62	2.602946e-06
118.64	1.531428e-06
118.66	1.057455e-06
118.68	1.199386e-06
118.7	1.938811e-06
118.72	3.232421e-06
118.74	5.016555e-06
118.76	7.200865e-06
118.78	9.666428e-06
118.8	1.227857e-05
118.82	1.490443e-05
118.84	1.741932e-05
118.86	1.97017e-05
118.88	2.163161e-05
118.9	2.310232e-05
118.92	2.403742e-05
118.94	2.439828e-05
118.96	2.417761e-05
118.98	2.338934e-05
119.0	2.206679e-05
119.02	2.026931e-05
119.04	1.808733e-05
119.06	1.563719e-05
119.08	1.304791e-05
119.1	1.044854e-05
119.12	7.96271e-06
119.14	5.708237e-06
119.16	3.795677e-06
119.18	2.32183e-06
119.2	1.360538e-06
119.22	9.560505e-07
119.24	1.121975e-06
119.26	1.844286e-06
119.28	3.084515e-06
119.3	4.780851e-06
119.32	6.848242e-06
119.34	9.180439e-06
119.36	1.165587e-05
119.38	1.414647e-05
119.4	1.652669e-05
119.42	1.868021e-05
119.44	2.050372e-05
119.46	2.190924e-05
119.48	2.282685e-05
119.5	2.320859e-05
119.52	2.303284e-05
119.54	2.230742e-05
119.56	2.107006e-05
119.58	1.938563e-05
119.6	1.734117e-05
119.62	1.503989e-05
119.64	1.259538e-05
119.66	1.012653e-05
119.68	7.752761e-06
119.7	5.589255e-06
119.72	3.74179e-06
119.74	2.301277e-06
119.76	1.338586e-06
119.78	9.003375e-07
119.8	1.00625e-06
119.82	1.648303e-06
119.84	2.791655e-06
119.86	4.376997e-06
119.88	6.323983e-06
119.9	8.535389e-06
119.92	1.09018e-05
119.94	1.330668e-05
119.96	1.563177e-05
119.98	1.776263e-05
120.0	1.959419e-05
120.02	2.103594e-05
120.04	2.201656e-05
120.06	2.248758e-05
120.08	2.242592e-05
120.1	2.183501e-05
120.12	2.074458e-05
120.14	1.920903e-05
120.16	1.73046e-05
120.18	1.512544e-05
120.2	1.277887e-05
120.22	1.038001e-05
120.24	8.046174e-06
120.26	5.891099e-06
120.28	4.019479e-06
120.3	2.521921e-06
120.32	1.470602e-06
120.34	9.158254e-07
120.36	8.836366e-07
120.38	1.374608e-06
120.4	2.363856e-06
120.42	3.802293e-06
120.44	5.619047e-06
120.46	7.724941e-06
120.48	1.001685e-05
120.5	1.238275e-05
120.52	1.470715e-05
120.54	1.687675e-05
120.56	1.878592e-05
120.58	2.034184e-05
120.6	2.146896e-05
120.62	2.211268e-05
120.64	2.224195e-05
120.66	2.185076e-05
120.68	2.095836e-05
120.7	1.960832e-05
120.72	1.786639e-05
120.74	1.581727e-05
120.76	1.356048e-05
120.78	1.120553e-05
120.8	8.866643e-06
120.82	6.657163e-06
120.84	4.684124e-06
120.86	3.043068e-06
120.88	1.813437e-06
120.9	1.054756e-06
120.92	8.037742e-07
120.94	1.07271e-06
120.96	1.848683e-06
120.98	3.09435e-06
121.0	4.74973e-06
121.02	6.735109e-06
121.04	8.954896e-06
121.06	1.130224e-05
121.08	1.36642e-05
121.1	1.592715e-05
121.12	1.798231e-05
121.14	1.973092e-05
121.16	2.108903e-05
121.18	2.199148e-05
121.2	2.239506e-05
121.22	2.228053e-05
121.24	2.165349e-05
121.26	2.054416e-05
121.28	1.900581e-05
121.3	1.711223e-05
121.32	1.49542e-05
121.34	1.263513e-05
121.36	1.026615e-05
121.38	7.960868e-06
121.4	5.829971e-06
121.42	3.976001e-06
121.44	2.488478e-06
121.46	1.439609e-06
121.48	8.807707e-07
121.5	8.399523e-07
121.52	1.320298e-06
121.54	2.299858e-06
121.56	3.732613e-06
121.58	5.550734e-06
121.6	7.667984e-06
121.62	9.984042e-06
121.64	1.238947e-05
121.66	1.477097e-05
121.68	1.701665e-05
121.7	1.902101e-05
121.72	2.068952e-05
121.74	2.194278e-05
121.76	2.272014e-05
121.78	2.298293e-05
121.8	2.271683e-05
121.82	2.193336e-05
121.84	2.066973e-05
121.86	1.898714e-05
121.88	1.696729e-05
121.9	1.470756e-05
121.92	1.231564e-05
121.94	9.904254e-06
121.96	7.586398e-06
121.98	5.471049e-06
122.0	3.658894e-06
122.02	2.237715e-06
122.04	1.277526e-06
122.06	8.262047e-07
122.08	9.066652e-07
122.1	1.516196e-06
122.12	2.627686e-06
122.14	4.191652e-06
122.16	6.138063e-06
122.18	8.377959e-06
122.2	1.080613e-05
122.22	1.330631e-05
122.24	1.575904e-05
122.26	1.805005e-05
122.28	2.007624e-05
122.3	2.174773e-05
122.32	2.298764e-05
122.34	2.373361e-05
122.36	2.394347e-05
122.38	2.360305e-05
122.4	2.273063e-05
122.42	2.137396e-05
122.44	1.960134e-05
122.46	1.749363e-05
122.48	1.514241e-05
122.5	1.265278e-05
122.52	1.014337e-05
122.54	7.738606e-06
122.56	5.556272e-06
122.58	3.698463e-06
122.6	2.249893e-06
122.62	1.279001e-06
122.64	8.353125e-07
122.66	9.434661e-07
122.68	1.600473e-06
122.7	2.77885e-06
122.72	4.429794e-06
122.74	6.481168e-06
122.76	8.835802e-06
122.78	1.137976e-05
122.8	1.399768e-05
122.82	1.657945e-05
122.84	1.901229e-05
122.86	2.117546e-05
122.88	2.295575e-05
122.9	2.427207e-05
122.92	2.507897e-05
122.94	2.534579e-05
122.96	2.504598e-05
122.98	2.417773e-05
123.0	2.278714e-05
123.02	2.0956e-05
123.04	1.876975e-05
123.06	1.631237e-05
123.08	1.369041e-05
123.1	1.103865e-05
123.12	8.491275e-06
123.14	6.160008e-06
123.16	4.144644e-06
123.18	2.544313e-06
123.2	1.44322e-06
123.22	8.951087e-07
123.24	9.26681e-07
123.26	1.540471e-06
123.28	2.709379e-06
123.3	4.383038e-06
123.32	6.497048e-06
123.34	8.960025e-06
123.36	1.164763e-05
123.38	1.443551e-05
123.4	1.721778e-05
123.42	1.987243e-05
123.44	2.225358e-05
123.46	2.424988e-05
123.48	2.579947e-05
123.5	2.682976e-05
123.52	2.72602e-05
123.54	2.707727e-05
123.56	2.632087e-05
123.58	2.500933e-05
123.6	2.317258e-05
123.62	2.091647e-05
123.64	1.83647e-05
123.66	1.560634e-05
123.68	1.275819e-05
123.7	9.978847e-06
123.72	7.395767e-06
123.74	5.108474e-06
123.76	3.233109e-06
123.78	1.870385e-06
123.8	1.078782e-06
123.82	8.958426e-07
123.84	1.336771e-06
123.86	2.39075e-06
123.88	4.019734e-06
123.9	6.142105e-06
123.92	8.665918e-06
123.94	1.150327e-05
123.96	1.451265e-05
123.98	1.75434e-05
124.0	2.049667e-05
124.02	2.323203e-05
124.04	2.559041e-05
124.06	2.750628e-05
124.08	2.889737e-05
124.1	2.965065e-05
124.12	2.977022e-05
124.14	2.926434e-05
124.16	2.809976e-05
124.18	2.636366e-05
124.2	2.415184e-05
124.22	2.151088e-05
124.24	1.859289e-05
124.26	1.554474e-05
124.28	1.246152e-05
124.3	9.513799e-06
124.32	6.844091e-06
124.34	4.547599e-06
124.36	2.753533e-06
124.38	1.549119e-06
124.4	9.820068e-07
124.42	1.090074e-06
124.44	1.881282e-06
124.46	3.322385e-06
124.48	5.345179e-06
124.5	7.889158e-06
124.52	1.082973e-05
124.54	1.402999e-05
124.56	1.7391e-05
124.58	2.072025e-05
124.6	2.389147e-05
124.62	2.679e-05
124.64	2.922614e-05
124.66	3.115499e-05
124.68	3.246002e-05
124.7	3.305827e-05
124.72	3.298748e-05
124.74	3.217219e-05
124.76	3.069642e-05
124.78	2.862319e-05
124.8	2.5997e-05
124.82	2.300423e-05
124.84	1.971424e-05
124.86	1.630693e-05
124.88	1.294163e-05
124.9	9.735163e-06
124.92	6.880443e-06
124.94	4.471908e-06
124.96	2.640345e-06
124.98	1.476939e-06
125.0	1.027564e-06
125.02	1.33297e-06
125.04	2.388067e-06
125.06	4.140676e-06
125.08	6.547082e-06
125.1	9.484127e-06
125.12	1.284291e-05
125.14	1.649043e-05
125.16	2.023708e-05
125.18	2.39798e-05
125.2	2.748467e-05
125.22	3.06738e-05
125.24	3.334416e-05
125.26	3.541911e-05
125.28	3.679471e-05
125.3	3.738785e-05
125.32	3.722044e-05
125.34	3.622304e-05
125.36	3.452574e-05
125.38	3.210611e-05
125.4	2.915945e-05
125.42	2.573372e-05
125.44	2.204346e-05
125.46	1.820573e-05
125.48	1.44183e-05
125.5	1.084123e-05
125.52	7.632192e-06
125.54	4.953389e-06
125.56	2.909159e-06
125.58	1.621658e-06
125.6	1.135704e-06
125.62	1.500969e-06
125.64	2.702682e-06
125.66	4.701692e-06
125.68	7.430305e-06
125.7	1.076202e-05
125.72	1.459033e-05
125.74	1.871881e-05
125.76	2.302303e-05
125.78	2.726588e-05
125.8	3.133019e-05
125.82	3.49738e-05
125.84	3.811198e-05
125.86	4.053405e-05
125.88	4.220778e-05
125.9	4.298598e-05
125.92	4.289945e-05
125.94	4.188739e-05
125.96	4.004199e-05
125.98	3.739883e-05
126.0	3.409799e-05
126.02	3.026588e-05
126.04	2.606865e-05
126.06	2.170125e-05
126.08	1.733147e-05
126.1	1.318547e-05
126.12	9.410895e-06
126.14	6.218852e-06
126.16	3.719894e-06
126.18	2.066154e-06
126.2	1.316468e-06
126.22	1.536753e-06
126.24	2.717263e-06
126.26	4.837682e-06
126.28	7.801237e-06
126.3	1.152587e-05
126.32	1.582049e-05
126.34	2.057068e-05
126.36	2.55162e-05
126.38	3.051992e-05
126.4	3.532024e-05
126.42	3.974324e-05
126.44	4.361114e-05
126.46	4.670895e-05
126.48	4.898753e-05
126.5	5.024227e-05
126.52	5.051699e-05
126.54	4.972122e-05
126.56	4.791196e-05
126.58	4.518718e-05
126.6	4.158854e-05
126.62	3.736073e-05
126.64	3.259377e-05
126.66	2.754936e-05
126.68	2.24319e-05
126.7	1.74357e-05
126.72	1.283511e-05
126.74	8.779519e-06
126.76	5.49489e-06
126.78	3.117735e-06
126.8	1.765176e-06
126.82	1.523677e-06
126.84	2.408201e-06
126.86	4.421222e-06
126.88	7.469424e-06
126.9	1.147679e-05
126.92	1.62674e-05
126.94	2.165236e-05
126.96	2.746005e-05
126.98	3.339245e-05
127.0	3.926218e-05
127.02	4.482581e-05
127.04	4.979537e-05
127.06	5.404947e-05
127.08	5.735173e-05
127.1	5.954351e-05
127.12	6.060927e-05
127.14	6.041188e-05
127.16	5.897843e-05
127.18	5.641745e-05
127.2	5.274179e-05
127.22	4.815029e-05
127.24	4.286003e-05
127.26	3.701806e-05
127.28	3.092488e-05
127.3	2.484981e-05
127.32	1.900254e-05
127.34	1.368415e-05
127.36	9.131096e-06
127.38	5.521051e-06
127.4	3.056562e-06
127.42	1.855224e-06
127.44	1.982885e-06
127.46	3.480839e-06
127.48	6.293516e-06
127.5	1.033768e-05
127.52	1.549196e-05
127.54	2.153035e-05
127.56	2.823457e-05
127.58	3.538238e-05
127.6	4.2647e-05
127.62	4.973179e-05
127.64	5.641053e-05
127.66	6.23784e-05
127.68	6.7346e-05
127.7	7.116732e-05
127.72	7.368957e-05
127.74	7.473283e-05
127.76	7.426992e-05
127.78	7.236694e-05
127.8	6.904529e-05
127.82	6.440091e-05
127.84	5.867669e-05
127.86	5.211473e-05
127.88	4.493117e-05
127.9	3.743425e-05
127.92	2.998394e-05
127.94	2.288048e-05
127.96	1.640429e-05
127.98	1.086638e-05
128.0	6.536286e-06
128.02	3.601164e-06
128.04	2.212041e-06
128.06	2.479413e-06
128.08	4.423169e-06
128.1	7.989427e-06
128.12	1.308621e-05
128.14	1.955163e-05
128.16	2.713257e-05
128.18	3.554078e-05
128.2	4.448879e-05
128.22	5.364645e-05
128.24	6.262555e-05
128.26	7.105307e-05
128.28	7.862367e-05
128.3	8.505828e-05
128.32	9.006685e-05
128.34	9.340338e-05
128.36	9.493611e-05
128.38	9.463019e-05
128.4	9.248628e-05
128.42	8.854159e-05
128.44	8.292785e-05
128.46	7.588969e-05
128.48	6.773339e-05
128.5	5.8778e-05
128.52	4.936305e-05
128.54	3.987574e-05
128.56	3.073786e-05
128.58	2.235709e-05
128.6	1.509403e-05
128.62	9.264826e-06
128.64	5.149032e-06
128.66	2.973218e-06
128.68	2.881977e-06
128.7	4.925952e-06
128.72	9.072427e-06
128.74	1.521668e-05
128.76	2.317784e-05
128.78	3.268933e-05
128.8	4.340497e-05
128.82	5.492496e-05
128.84	6.682493e-05
128.86	7.867072e-05
128.88	9.002009e-05
128.9	0.0001004278
128.92	0.0001094663
128.94	0.0001167585
128.96	0.000122005
128.98	0.0001249965
129.0	0.0001256105
129.02	0.0001238063
129.04	0.0001196262
129.06	0.0001132041
129.08	0.0001047725
129.1	9.465918e-05
129.12	8.327225e-05
129.14	7.107741e-05
129.16	5.857458e-05
129.18	4.62785e-05
129.2	3.470321e-05
129.22	2.434696e-05
129.24	1.567485e-05
129.26	9.098645e-06
129.28	4.956128e-06
129.3	3.493205e-06
129.32	4.85146e-06
129.34	9.061867e-06
129.36	1.604388e-05
129.38	2.560853e-05
129.4	3.746434e-05
129.42	5.122597e-05
129.44	6.642577e-05
129.46	8.252899e-05
129.48	9.895264e-05
129.5	0.0001150877
129.52	0.0001303236
129.54	0.000144073
129.56	0.000155797
129.58	0.0001650268
129.6	0.0001713842
129.62	0.0001745968
129.64	0.0001745109
129.66	0.0001710989
129.68	0.0001644625
129.7	0.0001548318
129.72	0.0001425586
129.74	0.0001281063
129.76	0.0001120342
129.78	9.497799e-05
129.8	7.762755e-05
129.82	6.070096e-05
129.84	4.491746e-05
129.86	3.096952e-05
129.88	1.949529e-05
129.9	1.105258e-05
129.92	6.095276e-06
129.94	4.953388e-06
129.96	7.817354e-06
129.98	1.472743e-05
130.0	2.556865e-05