90.1	0.9064702
90.12	0.9484689
90.14	1.0117
90.16	1.048474
90.18	1.064011
90.2	1.068236
90.22	1.066417
90.24	1.061148
90.26	1.05378
90.28	1.045072
90.3	1.035481
90.32	1.025293
90.34	1.014697
90.36	1.00382
90.38	0.9927517
90.4	0.9815535
90.42	0.9702702
90.44	0.9589337
90.46	0.9475669
90.48	0.9361865
90.5	0.9248041
90.52	0.913428
90.54	0.9020638
90.56	0.8907151
90.58	0.8793839
90.6	0.868071
90.62	0.8567764
90.64	0.8454993
90.66	0.8342385
90.68	0.822992
90.7	0.8117579
90.72	0.8005338
90.74	0.789317
90.76	0.7781047
90.78	0.7668942
90.8	0.7556824
90.82	0.7444662
90.84	0.7332425
90.86	0.7220081
90.88	0.7107598
90.9	0.6994944
90.92	0.6882086
90.94	0.6768994
90.96	0.6655635
90.98	0.6541977
91.0	0.6427991
91.02	0.6313646
91.04	0.6198913
91.06	0.6083765
91.08	0.5968175
91.1	0.5852117
91.12	0.573557
91.14	0.5618513
91.16	0.5500927
91.18	0.5382799
91.2	0.5264118
91.22	0.5144877
91.24	0.5025074
91.26	0.4904715
91.28	0.478381
91.3	0.4662377
91.32	0.4540444
91.34	0.4418048
91.36	0.4295236
91.38	0.4172068
91.4	0.4048617
91.42	0.392497
91.44	0.3801231
91.46	0.3677521
91.48	0.3553977
91.5	0.3430756
91.52	0.3308033
91.54	0.3186001
91.56	0.3064871
91.58	0.294487
91.6	0.2826238
91.62	0.2709226
91.64	0.259409
91.66	0.2481091
91.68	0.2370482
91.7	0.2262513
91.72	0.2157416
91.74	0.2055407
91.76	0.1956677
91.78	0.1861392
91.8	0.1769687
91.82	0.1681667
91.84	0.15974
91.86	0.1516925
91.88	0.1440242
91.9	0.1367319
91.92	0.129809
91.94	0.123246
91.96	0.1170307
91.98	0.1111488
92.0	0.1055847
92.02	0.1003223
92.04	0.09534574
92.06	0.09064013
92.08	0.08619215
92.1	0.08199026
92.12	0.0780247
92.14	0.07428709
92.16	0.07076982
92.18	0.06746532
92.2	0.06436522
92.22	0.0614597
92.24	0.05873703
92.26	0.05618349
92.28	0.05378362
92.3	0.05152081
92.32	0.04937821
92.34	0.04733977
92.36	0.04539131
92.38	0.04352144
92.4	0.04172223
92.42	0.03998949
92.44	0.03832267
92.46	0.03672431
92.48	0.03519922
92.5	0.03375328
92.52	0.03239229
92.54	0.03112068
92.56	0.02994055
92.58	0.02885085
92.6	0.02784705
92.62	0.0269212
92.64	0.02606236
92.66	0.02525743
92.68	0.02449227
92.7	0.02375288
92.72	0.02302666
92.74	0.0223035
92.76	0.02157665
92.78	0.02084318
92.8	0.02010418
92.82	0.01936442
92.84	0.01863174
92.86	0.01791614
92.88	0.01722861
92.9	0.01657995
92.92	0.01597957
92.94	0.01543448
92.96	0.01494848
92.98	0.0145217
93.0	0.01415052
93.02	0.01382782
93.04	0.01354355
93.06	0.01328566
93.08	0.01304111
93.1	0.01279707
93.12	0.01254199
93.14	0.01226661
93.16	0.01196475
93.18	0.01163373
93.2	0.0112746
93.22	0.01089192
93.24	0.01049327
93.26	0.01008857
93.28	0.009689046
93.3	0.009306299
93.32	0.008951184
93.34	0.008632868
93.36	0.008358009
93.38	0.008130176
93.4	0.007949541
93.42	0.00781287
93.44	0.007713803
93.46	0.007643415
93.48	0.007590972
93.5	0.007544845
93.52	0.007493483
93.54	0.007426364
93.56	0.007334847
93.58	0.007212847
93.6	0.007057294
93.62	0.006868325
93.64	0.006649217
93.66	0.00640606
93.68	0.006147206
93.7	0.005882549
93.72	0.005622685
93.74	0.005378033
93.76	0.005157987
93.78	0.004970155
93.8	0.00481976
93.82	0.00470924
93.84	0.004638074
93.86	0.004602853
93.88	0.004597581
93.9	0.004614181
93.92	0.004643155
93.94	0.004674353
93.96	0.004697783
93.98	0.004704385
94.0	0.004686734
94.02	0.004639583
94.04	0.004560244
94.06	0.004448746
94.08	0.004307791
94.1	0.004142495
94.12	0.003959957
94.14	0.003768672
94.16	0.003577853
94.18	0.00339671
94.2	0.003233735
94.22	0.003096059
94.24	0.002988915
94.26	0.002915263
94.28	0.002875588
94.3	0.002867892
94.32	0.002887874
94.34	0.002929292
94.36	0.002984457
94.38	0.00304484
94.4	0.003101724
94.42	0.003146868
94.44	0.003173119
94.46	0.003174932
94.48	0.00314876
94.5	0.00309329
94.52	0.003009501
94.54	0.002900555
94.56	0.002771528
94.58	0.002629002
94.6	0.002480551
94.62	0.002334163
94.64	0.002197642
94.66	0.002078028
94.68	0.001981088
94.7	0.001910903
94.72	0.001869585
94.74	0.00185715
94.76	0.001871541
94.78	0.001908804
94.8	0.001963409
94.82	0.002028672
94.84	0.002097269
94.86	0.002161774
94.88	0.00221521
94.9	0.002251549
94.92	0.00226614
94.94	0.002256024
94.96	0.002220125
94.98	0.002159297
95.0	0.002076239
95.02	0.001975262
95.04	0.001861962
95.06	0.001742794
95.08	0.001624589
95.1	0.001514062
95.12	0.001417325
95.14	0.001339453
95.16	0.001284133
95.18	0.001253415
95.2	0.001247587
95.22	0.00126517
95.24	0.001303055
95.26	0.001356741
95.28	0.001420682
95.3	0.001488694
95.32	0.001554406
95.34	0.001611725
95.36	0.001655261
95.38	0.001680703
95.4	0.001685112
95.42	0.00166711
95.44	0.001626953
95.46	0.001566493
95.48	0.001489024
95.5	0.001399023
95.52	0.001301825
95.54	0.001203228
95.56	0.001109078
95.58	0.001024857
95.6	0.0009552982
95.62	0.0009040616
95.64	0.0008734878
95.66	0.00086445
95.68	0.0008763094
95.7	0.0009069788
95.72	0.0009530885
95.74	0.001010238
95.76	0.001073323
95.78	0.001136896
95.8	0.001195563
95.82	0.001244354
95.84	0.001279069
95.86	0.001296561
95.88	0.001294943
95.9	0.001273702
95.92	0.001233716
95.94	0.001177176
95.96	0.001107412
95.98	0.001028651
96.0	0.000945711
96.02	0.0008636532
96.04	0.0007874332
96.06	0.0007215534
96.08	0.0006697583
96.1	0.00063478
96.12	0.0006181635
96.14	0.0006201699
96.16	0.000639776
96.18	0.0006747584
96.2	0.0007218632
96.22	0.000777044
96.24	0.0008357503
96.26	0.0008932528
96.28	0.0009449676
96.3	0.0009867768
96.32	0.001015303
96.34	0.001028135
96.36	0.001023983
96.38	0.001002749
96.4	0.0009655259
96.42	0.0009144986
96.44	0.0008527891
96.46	0.0007842244
96.48	0.0007130684
96.5	0.0006437244
96.52	0.000580428
96.54	0.0005269633
96.56	0.0004864026
96.58	0.0004609091
96.6	0.0004515938
96.62	0.0004584537
96.64	0.0004803841
96.66	0.0005152641
96.68	0.0005601181
96.7	0.0006113227
96.72	0.0006648695
96.74	0.0007166374
96.76	0.0007626794
96.78	0.0007994903
96.8	0.0008242367
96.82	0.0008349501
96.84	0.0008306409
96.86	0.000811364
96.88	0.0007781969
96.9	0.000733155
96.92	0.0006790495
96.94	0.0006192778
96.96	0.0005575974
96.98	0.0004978572
97.0	0.0004437409
97.02	0.0003985184
97.04	0.0003648232
97.06	0.0003444888
97.08	0.0003384228
97.1	0.0003465637
97.12	0.0003678889
97.14	0.0004004965
97.16	0.0004417455
97.18	0.0004884362
97.2	0.0005370428
97.22	0.0005839448
97.24	0.0006256815
97.26	0.0006591816
97.28	0.0006819617
97.3	0.0006922991
97.32	0.0006893254
97.34	0.000673088
97.36	0.0006445313
97.38	0.0006054209
97.4	0.0005582264
97.42	0.0005059334
97.44	0.0004518506
97.46	0.0003993767
97.48	0.0003517698
97.5	0.0003119383
97.52	0.0002822357
97.54	0.0002643209
97.56	0.0002590436
97.58	0.0002663989
97.6	0.0002855387
97.62	0.0003148281
97.64	0.0003519754
97.66	0.0003941799
97.68	0.0004383334
97.7	0.0004812319
97.72	0.0005197818
97.74	0.0005512226
97.76	0.0005732915
97.78	0.0005843807
97.8	0.0005836391
97.82	0.0005710087
97.84	0.0005472406
97.86	0.0005138189
97.88	0.000472862
97.9	0.0004269814
97.92	0.0003790857
97.94	0.0003322035
97.96	0.0002892664
97.98	0.0002529168
98.0	0.0002253428
98.02	0.0002081212
98.04	0.0002021334
98.06	0.0002075022
98.08	0.0002235923
98.1	0.0002490673
98.12	0.00028197
98.14	0.0003198754
98.16	0.000360045
98.18	0.0003996124
98.2	0.000435788
98.22	0.0004660227
98.24	0.0004881948
98.26	0.0005007401
98.28	0.0005027396
98.3	0.0004939991
98.32	0.0004750301
98.34	0.0004470219
98.36	0.0004117639
98.38	0.0003714993
98.4	0.0003287972
98.42	0.000286366
98.44	0.0002468685
98.46	0.0002127647
98.48	0.000186128
98.5	0.0001685259
98.52	0.0001609193
98.54	0.000163592
98.56	0.0001761561
98.58	0.0001975666
98.6	0.0002262026
98.62	0.0002599871
98.64	0.0002965086
98.66	0.0003332058
98.68	0.0003675258
98.7	0.0003970863
98.72	0.0004198553
98.74	0.0004342545
98.76	0.0004392732
98.78	0.0004345411
98.8	0.0004203181
98.82	0.0003975
98.84	0.0003675466
98.86	0.0003323633
98.88	0.0002942026
98.9	0.0002554904
98.92	0.0002186654
98.94	0.0001860392
98.96	0.0001596179
98.98	0.0001409891
99.0	0.0001312231
99.02	0.0001307879
99.04	0.0001395459
99.06	0.0001567532
99.08	0.0001811102
99.1	0.0002108708
99.12	0.0002439356
99.14	0.0002780068
99.16	0.0003107489
99.18	0.0003399148
99.2	0.0003635209
99.22	0.0003799686
99.24	0.0003881236
99.26	0.0003874227
99.28	0.0003778852
99.3	0.000360096
99.32	0.0003351978
99.34	0.0003047825
99.36	0.0002707845
99.38	0.0002353789
99.4	0.0002008058
99.42	0.0001692344
99.44	0.0001426374
99.46	0.0001226353
99.48	0.0001104113
99.5	0.0001066401
99.52	0.0001114261
99.54	0.0001243245
99.56	0.0001443637
99.58	0.0001701012
99.6	0.0001997474
99.62	0.000231263
99.64	0.0002624925
99.66	0.0002913323
99.68	0.0003158376
99.7	0.0003343533
99.72	0.0003456477
99.74	0.000348953
99.76	0.0003440229
99.78	0.0003311722
99.8	0.0003112128
99.82	0.0002854118
99.84	0.0002554299
99.86	0.0002231737
99.88	0.0001906842
99.9	0.0001600236
99.92	0.0001331078
99.94	0.0001115976
99.96	9.680675e-05
99.98	8.959026e-05
100.0	9.030854e-05
100.02	9.881483e-05
100.04	0.0001144425
100.06	0.0001360728
100.08	0.0001622127
100.1	0.0001910681
100.12	0.0002206893
100.14	0.0002490982
100.16	0.0002743871
100.18	0.0002948728
100.2	0.0003092071
100.22	0.0003164261
100.24	0.0003160408
100.26	0.0003080763
100.28	0.0002930266
100.3	0.0002718444
100.32	0.0002458956
100.34	0.0002168292
100.36	0.0001864835
100.38	0.0001567909
100.4	0.0001296184
100.42	0.0001066532
100.44	8.931923e-05
100.46	7.86605e-05
100.48	7.527583e-05
100.5	7.930641e-05
100.52	9.040591e-05
100.54	0.0001077647
100.56	0.0001301893
100.58	0.0001561586
100.6	0.0001839183
100.62	0.0002116272
100.64	0.0002374542
100.66	0.0002596808
100.68	0.000276848
100.7	0.0002878384
100.72	0.0002919147
100.74	0.0002887996
100.76	0.0002786996
100.78	0.0002622491
100.8	0.0002404854
100.82	0.0002148074
100.84	0.0001868484
100.86	0.0001583671
100.88	0.0001311675
100.9	0.000106964
100.92	8.725284e-05
100.94	7.324595e-05
100.96	6.579085e-05
100.98	6.529391e-05
101.0	7.171713e-05
101.02	8.458934e-05
101.04	0.0001030124
101.06	0.0001257343
101.08	0.0001512494
101.1	0.0001778682
101.12	0.0002038265
101.14	0.0002274304
101.16	0.000247146
101.18	0.0002616735
101.2	0.0002700632
101.22	0.0002717818
101.24	0.0002667067
101.26	0.0002551427
101.28	0.0002378344
101.3	0.00021589
101.32	0.0001906888
101.34	0.0001638251
101.36	0.0001370097
101.38	0.0001119269
101.4	9.013779e-05
101.42	7.300482e-05
101.44	6.158436e-05
101.46	5.654899e-05
101.48	5.817067e-05
101.5	6.630187e-05
101.52	8.036433e-05
101.54	9.940338e-05
101.56	0.000122165
101.58	0.0001471527
101.6	0.00017272
101.62	0.0001972056
101.64	0.0002190319
101.66	0.0002367762
101.68	0.0002492797
101.7	0.0002557453
101.72	0.0002557607
101.74	0.0002493048
101.76	0.000236779
101.78	0.0002189912
101.8	0.0001970694
101.82	0.0001723861
101.84	0.0001465019
101.86	0.0001210607
101.88	9.765698e-05
101.9	7.77449e-05
101.92	6.256836e-05
101.94	5.306685e-05
101.96	4.980116e-05
101.98	5.293747e-05
102.0	6.22463e-05
102.02	7.709723e-05
102.04	9.649883e-05
102.06	0.0001191853
102.08	0.0001436929
102.1	0.0001684308
102.12	0.0001917922
102.14	0.0002122803
102.16	0.0002285898
102.18	0.0002396647
102.2	0.0002447813
102.22	0.0002436169
102.24	0.0002362525
102.26	0.0002231421
102.28	0.0002051007
102.3	0.0001832743
102.32	0.0001590504
102.34	0.0001339477
102.36	0.0001095347
102.38	8.734928e-05
102.4	6.878777e-05
102.42	5.499971e-05
102.44	4.682833e-05
102.46	4.477231e-05
102.48	4.89419e-05
102.5	5.904016e-05
102.52	7.439636e-05
102.54	9.402085e-05
102.56	0.0001166535
102.58	0.0001408321
102.6	0.0001650008
102.62	0.0001876233
102.64	0.0002072638
102.66	0.0002226611
102.68	0.0002328216
102.7	0.0002371018
102.72	0.0002352381
102.74	0.0002273402
102.76	0.0002138888
102.78	0.0001957278
102.8	0.0001740109
102.82	0.0001501066
102.84	0.000125506
102.86	0.0001017472
102.88	8.032727e-05
102.9	6.259357e-05
102.92	4.964717e-05
102.94	4.228478e-05
102.96	4.096102e-05
102.98	4.575219e-05
103.0	5.63389e-05
103.02	7.203222e-05
103.04	9.183144e-05
103.06	0.0001144849
103.08	0.0001385537
103.1	0.0001625009
103.12	0.0001848043
103.14	0.0002040599
103.16	0.0002190557
103.18	0.0002288347
103.2	0.0002327636
103.22	0.0002305894
103.24	0.0002224544
103.26	0.0002088701
103.28	0.0001906767
103.3	0.0001690033
103.32	0.0001452103
103.34	0.0001207982
103.36	9.729857e-05
103.38	7.617585e-05
103.4	5.874818e-05
103.42	4.611174e-05
103.44	3.906404e-05
103.46	3.804369e-05
103.48	4.310603e-05
103.5	5.393044e-05
103.52	6.984229e-05
103.54	8.984529e-05
103.56	0.0001126773
103.58	0.0001368962
103.6	0.0001609811
103.62	0.000183427
103.64	0.0002028267
103.66	0.000217953
103.68	0.0002278428
103.7	0.0002318693
103.72	0.0002297824
103.74	0.0002217124
103.76	0.000208154
103.78	0.00018994
103.8	0.0001682011
103.82	0.0001442998
103.84	0.000119737
103.86	9.604934e-05
103.88	7.471395e-05
103.9	5.706488e-05
103.92	4.421515e-05
103.94	3.698276e-05
103.96	3.583145e-05
103.98	4.083965e-05
104.0	5.170152e-05
104.02	6.77515e-05
104.04	8.800358e-05
104.06	0.0001112051
104.08	0.0001359108
104.1	0.0001605767
104.12	0.0001836643
104.14	0.0002037383
104.16	0.0002195505
104.18	0.0002301102
104.2	0.0002347453
104.22	0.000233151
104.24	0.0002254168
104.26	0.0002120214
104.28	0.0001937981
104.3	0.0001718767
104.32	0.000147614
104.34	0.0001225154
104.36	9.814781e-05
104.38	7.604177e-05
104.4	5.759181e-05
104.42	4.396447e-05
104.44	3.602528e-05
104.46	3.428864e-05
104.48	3.888902e-05
104.5	4.957144e-05
104.52	6.570221e-05
104.54	8.630352e-05
104.56	0.0001101133
104.58	0.0001356669
104.6	0.0001613912
104.62	0.0001857024
104.64	0.0002071008
104.66	0.0002242593
104.68	0.000236105
104.7	0.0002418888
104.72	0.0002412375
104.74	0.0002341804
104.76	0.0002211476
104.78	0.0002029413
104.8	0.0001806834
104.82	0.0001557474
104.84	0.000129677
104.86	0.0001040946
104.88	8.06028e-05
104.9	6.068445e-05
104.92	4.560717e-05
104.94	3.634193e-05
104.96	3.350173e-05
104.98	3.730424e-05
105.0	4.755922e-05
105.02	6.367966e-05
105.04	8.471542e-05
105.06	0.000109408
105.08	0.0001362652
105.1	0.0001636518
105.12	0.0001898914
105.14	0.0002133722
105.16	0.0002326479
105.18	0.0002465273
105.2	0.0002541476
105.22	0.0002550266
105.24	0.0002490932
105.26	0.0002366939
105.28	0.0002185755
105.3	0.0001958426
105.32	0.0001698932
105.34	0.0001423337
105.36	0.0001148804
105.38	8.925287e-05
105.4	6.706702e-05
105.42	4.973539e-05
105.44	3.837976e-05
105.46	3.37617e-05
105.48	3.623453e-05
105.5	4.571931e-05
105.52	6.170647e-05
105.54	8.328349e-05
105.56	0.0001091876
105.58	0.0001378807
105.6	0.0001676426
105.62	0.0001966761
105.64	0.0002232177
105.66	0.0002456466
105.68	0.0002625852
105.7	0.0002729846
105.72	0.0002761902
105.74	0.0002719839
105.76	0.0002606004
105.78	0.0002427154
105.8	0.0002194088
105.82	0.0001921013
105.84	0.0001624714
105.86	0.0001323547
105.88	0.0001036331
105.9	7.811945e-05
105.92	5.744585e-05
105.94	4.296185e-05
105.96	3.564926e-05
105.98	3.605891e-05
106.0	4.427356e-05
106.02	5.989918e-05
106.04	8.20854e-05
106.06	0.0001095739
106.08	0.000140772
106.1	0.0001738469
106.12	0.0002068359
106.14	0.0002377641
106.16	0.0002647651
106.18	0.0002861951
106.2	0.0003007356
106.22	0.0003074761
106.24	0.0003059742
106.26	0.0002962865
106.28	0.0002789706
106.3	0.0002550561
106.32	0.0002259871
106.34	0.0001935383
106.36	0.0001597107
106.38	0.0001266123
106.4	9.633063e-05
106.42	7.080551e-05
106.44	5.170954e-05
106.46	4.034314e-05
106.48	3.755134e-05
106.5	4.36673e-05
106.52	5.848628e-05
106.54	8.127208e-05
106.56	0.0001107958
106.58	0.000145405
106.6	0.000183119
106.62	0.0002217458
106.64	0.0002590122
106.66	0.000292701
106.68	0.0003207859
106.7	0.0003415568
106.72	0.0003537271
106.74	0.0003565169
106.76	0.0003497067
106.78	0.0003336583
106.8	0.0003093001
106.82	0.0002780789
106.84	0.0002418798
106.86	0.0002029179
106.88	0.0001636096
106.9	0.000126429
106.92	9.375917e-05
106.94	6.7747e-05
106.96	5.016964e-05
106.98	4.232156e-05
107.0	4.492906e-05
107.02	5.809777e-05
107.04	8.129684e-05
107.06	0.0001133814
107.08	0.0001526521
107.1	0.0001969498
107.12	0.000243778
107.14	0.0002904488
107.16	0.0003342417
107.18	0.0003725672
107.2	0.0004031246
107.22	0.0004240457
107.24	0.0004340142
107.26	0.0004323542
107.28	0.0004190824
107.3	0.0003949189
107.32	0.000361257
107.34	0.000320092
107.36	0.0002739121
107.38	0.0002255592
107.4	0.0001780642
107.42	0.0001344694
107.44	9.764521e-05
107.46	7.011517e-05
107.48	5.389671e-05
107.5	5.037008e-05
107.52	6.018237e-05
107.54	8.31938e-05
107.56	0.0001184699
107.58	0.0001643213
107.6	0.0002183895
107.62	0.0002777743
107.64	0.0003391963
107.66	0.0003991853
107.68	0.000454284
107.7	0.0005012549
107.72	0.0005372792
107.74	0.0005601342
107.76	0.0005683401
107.78	0.0005612655
107.8	0.0005391859
107.82	0.0005032892
107.84	0.0004556281
107.86	0.0003990195
107.88	0.0003368969
107.9	0.000273122
107.92	0.0002117664
107.94	0.0001568743
107.96	0.0001122214
107.98	8.108228e-05
108.0	6.602127e-05
108.02	6.871999e-05
108.04	8.985227e-05
108.06	0.0001290155
108.08	0.000184724
108.1	0.0002544664
108.12	0.0003348256
108.14	0.0004216556
108.16	0.0005103062
108.18	0.0005958846
108.2	0.0006735377
108.22	0.0007387416
108.24	0.0007875795
108.26	0.0008169935
108.28	0.0008249934
108.3	0.0008108103
108.32	0.0007749845
108.34	0.0007193799
108.36	0.0006471216
108.38	0.000562459
108.4	0.0004705575
108.42	0.0003772299
108.44	0.000288619
108.46	0.0002108503
108.48	0.0001496703
108.5	0.0001100941
108.52	9.608102e-05
108.54	0.0001102586
108.56	0.0001537141
108.58	0.0002258665
108.6	0.0003244316
108.62	0.0004454843
108.64	0.0005836199
108.66	0.0007322079
108.68	0.0008837278
108.7	0.001030171
108.72	0.001163486
108.74	0.001276051
108.76	0.001361135
108.78	0.001413333
108.8	0.00142895
108.82	0.001406298
108.84	0.001345904
108.86	0.001250601
108.88	0.001125499
108.9	0.0009778244
108.92	0.000816638
108.94	0.000652427
108.96	0.000496597
108.98	0.0003608772
109.0	0.0002566709
109.02	0.000194382
109.04	0.0001827583
109.06	0.0002282859
109.08	0.0003346754
109.1	0.0005024714
109.12	0.0007288136
109.14	0.001007371
109.16	0.001328463
109.18	0.001679374
109.2	0.002044858
109.22	0.002407815
109.24	0.002750116
109.26	0.003053547
109.28	0.003300815
109.3	0.003476583
109.32	0.003568488
109.34	0.003568098
109.36	0.003471767
109.38	0.003281359
109.4	0.00300479
109.42	0.002656349
109.44	0.002256763
109.46	0.001832968
109.48	0.001417588
109.5	0.001048103
109.52	0.0007657438
109.54	0.000614106
109.56	0.0006375353
109.58	0.0008793189
109.6	0.001379758
109.62	0.00217422
109.64	0.003291279
109.66	0.004751057
109.68	0.006563859
109.7	0.008729164
109.72	0.01123503
109.74	0.01405797
109.76	0.01716339
109.78	0.02050644
109.8	0.02403344
109.82	0.02768356
109.84	0.0313907
109.86	0.03508545
109.88	0.03869707
109.9	0.04215551
109.92	0.04539338
109.94	0.04834775
109.96	0.05096171
109.98	0.05318548
110.0	0.05497728
110.02	0.05630394
110.04	0.05714152
110.06	0.05747576
110.08	0.05730238
110.1	0.05662695
110.12	0.05546449
110.14	0.053839
110.16	0.05178299
110.18	0.04933706
110.2	0.0465492
110.22	0.04347375
110.24	0.04017
110.26	0.03670073
110.28	0.03313079
110.3	0.02952568
110.32	0.02595
110.34	0.02246558
110.36	0.01912957
110.38	0.01599277
110.4	0.01309836
110.42	0.01048099
110.44	0.008165926
110.46	0.006168489
110.48	0.004493924
110.5	0.00313781
110.52	0.002086928
110.54	0.00132038
110.56	0.0008108477
110.58	0.0005260505
110.6	0.0004303658
110.62	0.000486476
110.64	0.0006569034
110.66	0.0009054026
110.68	0.001198215
110.7	0.001505103
110.72	0.00180007
110.74	0.002061802
110.76	0.00227396
110.78	0.002425329
110.8	0.00250969
110.82	0.002525374
110.84	0.002474675
110.86	0.002363316
110.88	0.002199899
110.9	0.00199516
110.92	0.001761081
110.94	0.001510097
110.96	0.001254518
110.98	0.001006006
111.0	0.0007749692
111.02	0.0005700442
111.04	0.0003978134
111.06	0.0002627168
111.08	0.0001670039
111.1	0.0001107406
111.12	9.196705e-05
111.14	0.0001069825
111.16	0.000150672
111.18	0.0002168796
111.2	0.0002988372
111.22	0.0003895555
111.24	0.0004821457
111.26	0.000570175
111.28	0.0006480536
111.3	0.0007112673
111.32	0.000756422
111.34	0.0007813175
111.36	0.0007851027
111.38	0.0007682554
111.4	0.0007323259
111.42	0.0006797377
111.44	0.0006137353
111.46	0.0005382009
111.48	0.0004572707
111.5	0.0003750556
111.52	0.0002955429
111.54	0.0002224194
111.56	0.0001587875
111.58	0.0001070142
111.6	6.872551e-05
111.62	4.476664e-05
111.64	3.51546e-05
111.66	3.912736e-05
111.68	5.524015e-05
111.7	8.14829e-05
111.72	0.0001154461
111.74	0.0001544563
111.76	0.0001956801
111.78	0.0002363342
111.8	0.0002739023
111.82	0.0003061664
111.84	0.0003312496
111.86	0.0003478293
111.88	0.0003552046
111.9	0.0003531443
111.92	0.0003419039
111.94	0.0003223409
111.96	0.0002957473
111.98	0.000263638
112.0	0.0002277931
112.02	0.0001902041
112.04	0.0001528066
112.06	0.0001173912
112.08	8.563337e-05
112.1	5.894304e-05
112.12	3.833637e-05
112.14	2.446983e-05
112.16	1.76333e-05
112.18	1.771015e-05
112.2	2.420459e-05
112.22	3.629035e-05
112.24	5.289547e-05
112.26	7.276807e-05
112.28	9.44903e-05
112.3	0.0001166171
112.32	0.0001378124
112.34	0.000156796
112.36	0.0001724319
112.38	0.0001839175
112.4	0.0001906818
112.42	0.0001923587
112.44	0.000188981
112.46	0.0001808651
112.48	0.0001684709
112.5	0.0001525583
112.52	0.0001340891
112.54	0.0001140233
112.56	9.342614e-05
112.58	7.340178e-05
112.6	5.489813e-05
112.62	3.877135e-05
112.64	2.576027e-05
112.66	1.635648e-05
112.68	1.084224e-05
112.7	9.303424e-06
112.72	1.159614e-05
112.74	1.736031e-05
112.76	2.606529e-05
112.78	3.707045e-05
112.8	4.959915e-05
112.82	6.281278e-05
112.84	7.593175e-05
112.86	8.81476e-05
112.88	9.872761e-05
112.9	0.0001071405
112.92	0.0001128986
112.94	0.0001156991
112.96	0.000115492
112.98	0.0001122784
113.0	0.0001062839
113.02	9.792523e-05
113.04	8.762377e-05
113.06	7.598349e-05
113.08	6.365824e-05
113.1	5.124334e-05
113.12	3.941037e-05
113.14	2.873659e-05
113.16	1.969273e-05
113.18	1.270336e-05
113.2	8.027045e-06
113.22	5.790032e-06
113.24	6.004527e-06
113.26	8.536517e-06
113.28	1.311702e-05
113.3	1.940156e-05
113.32	2.695729e-05
113.34	3.526321e-05
113.36	4.383868e-05
113.38	5.214903e-05
113.4	5.96968e-05
113.42	6.610238e-05
113.44	7.096024e-05
113.46	7.405233e-05
113.48	7.52342e-05
113.5	7.442129e-05
113.52	7.174771e-05
113.54	6.733066e-05
113.56	6.144974e-05
113.58	5.445886e-05
113.6	4.669329e-05
113.62	3.862169e-05
113.64	3.062818e-05
113.66	2.312467e-05
113.68	1.649537e-05
113.7	1.101892e-05
113.72	6.959558e-06
113.74	4.459466e-06
113.76	3.581198e-06
113.78	4.31289e-06
113.8	6.535827e-06
113.82	1.006006e-05
113.84	1.465097e-05
113.86	1.99796e-05
113.88	2.573823e-05
113.9	3.15671e-05
113.92	3.711735e-05
113.94	4.210399e-05
113.96	4.620305e-05
113.98	4.9248e-05
114.0	5.103564e-05
114.02	5.150962e-05
114.04	5.065697e-05
114.06	4.851642e-05
114.08	4.526167e-05
114.1	4.102567e-05
114.12	3.609859e-05
114.14	3.070273e-05
114.16	2.515261e-05
114.18	1.972502e-05
114.2	1.468645e-05
114.22	1.03012e-05
114.24	6.748818e-06
114.26	4.207333e-06
114.28	2.755214e-06
114.3	2.435792e-06
114.32	3.224537e-06
114.34	5.025373e-06
114.36	7.717034e-06
114.38	1.110026e-05
114.4	1.497518e-05
114.42	1.90993e-05
114.44	2.32276e-05
114.46	2.713749e-05
114.48	3.05848e-05
114.5	3.341714e-05
114.52	3.543983e-05
114.54	3.659978e-05
114.56	3.679035e-05
114.58	3.606352e-05
114.6	3.441881e-05
114.62	3.199812e-05
114.64	2.890031e-05
114.66	2.532612e-05
114.68	2.144465e-05
114.7	1.747519e-05
114.72	1.361371e-05
114.74	1.00562e-05
114.76	6.978773e-06
114.78	4.518436e-06
114.8	2.792052e-06
114.82	1.85461e-06
114.84	1.740004e-06
114.86	2.414765e-06
114.88	3.825931e-06
114.9	5.862503e-06
114.92	8.400234e-06
114.94	1.127609e-05
114.96	1.432514e-05
114.98	1.736666e-05
115.0	2.023347e-05
115.02	2.276291e-05
115.04	2.48233e-05
115.06	2.629996e-05
115.08	2.712587e-05
115.1	2.725247e-05
115.12	2.669227e-05
115.14	2.546618e-05
115.16	2.366404e-05
115.18	2.136517e-05
115.2	1.871826e-05
115.22	1.583891e-05
115.24	1.290404e-05
115.26	1.003771e-05
115.28	7.409102e-06
115.3	5.122996e-06
115.32	3.307556e-06
115.34	2.025757e-06
115.36	1.341961e-06
115.38	1.263102e-06
115.4	1.783039e-06
115.42	2.848212e-06
115.44	4.392766e-06
115.46	6.308431e-06
115.48	8.494125e-06
115.5	1.080309e-05
115.52	1.31288e-05
115.54	1.531234e-05
115.56	1.726683e-05
115.58	1.885488e-05
115.6	2.002278e-05
115.62	2.068859e-05
115.64	2.083359e-05
115.66	2.045386e-05
115.68	1.956223e-05
115.7	1.823295e-05
115.72	1.650869e-05
115.74	1.451677e-05
115.76	1.232999e-05
115.78	1.008887e-05
115.8	7.890405e-06
115.82	5.852533e-06
115.84	4.076339e-06
115.86	2.638566e-06
115.88	1.614586e-06
115.9	1.035592e-06
115.92	9.290472e-07
115.94	1.278723e-06
115.96	2.062844e-06
115.98	3.216668e-06
116.0	4.681601e-06
116.02	6.35756e-06
116.04	8.157466e-06
116.06	9.979399e-06
116.08	1.171243e-05
116.1	1.32842e-05
116.12	1.458339e-05
116.14	1.556781e-05
116.16	1.617258e-05
116.18	1.636661e-05
116.2	1.616147e-05
116.22	1.554202e-05
116.24	1.45727e-05
116.26	1.328873e-05
116.28	1.17601e-05
116.3	1.008219e-05
116.32	8.318819e-06
116.34	6.58162e-06
116.36	4.945965e-06
116.38	3.492104e-06
116.4	2.298978e-06
116.42	1.409201e-06
116.44	8.714293e-07
116.46	6.982614e-07
116.48	8.928919e-07
116.5	1.435614e-06
116.52	2.286092e-06
116.54	3.40019e-06
116.56	4.700227e-06
116.58	6.123433e-06
116.6	7.588082e-06
116.62	9.004039e-06
116.64	1.031436e-05
116.66	1.143279e-05
116.68	1.230381e-05
116.7	1.289777e-05
116.72	1.316233e-05
116.74	1.310116e-05
116.76	1.272332e-05
116.78	1.203107e-05
116.8	1.108311e-05
116.82	9.923574e-06
116.84	8.601995e-06
116.86	7.205589e-06
116.88	5.794302e-06
116.9	4.435833e-06
116.92	3.210012e-06
116.94	2.165292e-06
116.96	1.352957e-06
116.98	8.146215e-07
117.0	5.646574e-07
117.02	6.146732e-07
117.04	9.539141e-07
117.06	1.555591e-06
117.08	2.389575e-06
117.1	3.399959e-06
117.12	4.530307e-06
117.14	5.727395e-06
117.16	6.914868e-06
117.18	8.030807e-06
117.2	9.028398e-06
117.22	9.84239e-06
117.24	1.043059e-05
117.26	1.077854e-05
117.28	1.085757e-05
117.3	1.06602e-05
117.32	1.021437e-05
117.34	9.537159e-06
117.36	8.655069e-06
117.38	7.628016e-06
117.4	6.508093e-06
117.42	5.34105e-06
117.44	4.193903e-06
117.46	3.127584e-06
117.48	2.185088e-06
117.5	1.414229e-06
117.52	8.554552e-07
117.54	5.277068e-07
117.56	4.438473e-07
117.58	6.068189e-07
117.6	9.991921e-07
117.62	1.597185e-06
117.64	2.370441e-06
117.66	3.270269e-06
117.68	4.245394e-06
117.7	5.251246e-06
117.72	6.232463e-06
117.74	7.129271e-06
117.76	7.901068e-06
117.78	8.51532e-06
117.8	8.932483e-06
117.82	9.127671e-06
117.84	9.102135e-06
117.86	8.860268e-06
117.88	8.405476e-06
117.9	7.762499e-06
117.92	6.974274e-06
117.94	6.079375e-06
117.96	5.115475e-06
117.98	4.134043e-06
118.0	3.190118e-06
118.02	2.326835e-06
118.04	1.58155e-06
118.06	9.927238e-07
118.08	5.898948e-07
118.1	3.871564e-07
118.12	3.902566e-07
118.14	5.984489e-07
118.16	9.973069e-07
118.18	1.560048e-06
118.2	2.256411e-06
118.22	3.052098e-06
118.24	3.902633e-06
118.26	4.758605e-06
118.28	5.577085e-06
118.3	6.321206e-06
118.32	6.952142e-06
118.34	7.432162e-06
118.36	7.736798e-06
118.38	7.857208e-06
118.4	7.790632e-06
118.42	7.536532e-06
118.44	7.104699e-06
118.46	6.520841e-06
118.48	5.819763e-06
118.5	5.036155e-06
118.52	4.20494e-06
118.54	3.366597e-06
118.56	2.565848e-06
118.58	1.843778e-06
118.6	1.23314e-06
118.62	7.603723e-07
118.64	4.477151e-07
118.66	3.103534e-07
118.68	3.523941e-07
118.7	5.67254e-07
118.72	9.412135e-07
118.74	1.454805e-06
118.76	2.081047e-06
118.78	2.784998e-06
118.8	3.52752e-06
118.82	4.270352e-06
118.84	4.977917e-06
118.86	5.615857e-06
118.88	6.150586e-06
118.9	6.552574e-06
118.92	6.801148e-06
118.94	6.886488e-06
118.96	6.80769e-06
118.98	6.569825e-06
119.0	6.183358e-06
119.02	5.665951e-06
119.04	5.043767e-06
119.06	4.349954e-06
119.08	3.620857e-06
119.1	2.892502e-06
119.12	2.199071e-06
119.14	1.57283e-06
119.16	1.04374e-06
119.18	6.376924e-07
119.2	3.740401e-07
119.22	2.63855e-07
119.24	3.097438e-07
119.26	5.067646e-07
119.28	8.433822e-07
119.3	1.301842e-06
119.32	1.85827e-06
119.34	2.483301e-06
119.36	3.143721e-06
119.38	3.804892e-06
119.4	4.433182e-06
119.42	4.997738e-06
119.44	5.471478e-06
119.46	5.831661e-06
119.48	6.060557e-06
119.5	6.146424e-06
119.52	6.084596e-06
119.54	5.878224e-06
119.56	5.538289e-06
119.58	5.082793e-06
119.6	4.535368e-06
119.62	3.92364e-06
119.64	3.27768e-06
119.66	2.628636e-06
119.68	2.007497e-06
119.7	1.443853e-06
119.72	9.645723e-07
119.74	5.924318e-07
119.76	3.448334e-07
119.78	2.327917e-07
119.8	2.603328e-07
119.82	4.243664e-07
119.84	7.150058e-07
119.86	1.11625e-06
119.88	1.606928e-06
119.9	2.161812e-06
119.92	2.752848e-06
119.94	3.350473e-06
119.96	3.924983e-06
119.98	4.447925e-06
120.0	4.893464e-06
120.02	5.239655e-06
120.04	5.469537e-06
120.06	5.571988e-06
120.08	5.542269e-06
120.1	5.382236e-06
120.12	5.100193e-06
120.14	4.710425e-06
120.16	4.232415e-06
120.18	3.68983e-06
120.2	3.109302e-06
120.22	2.519098e-06
120.24	1.947721e-06
120.26	1.422525e-06
120.28	9.684019e-07
120.3	6.065974e-07
120.32	3.537159e-07
120.34	2.209526e-07
120.36	2.135923e-07
120.38	3.307949e-07
120.4	5.656778e-07
120.42	9.056893e-07
120.44	1.333255e-06
120.46	1.82666e-06
120.48	2.361136e-06
120.5	2.910073e-06
120.52	3.446334e-06
120.54	3.943566e-06
120.56	4.37748e-06
120.58	4.727014e-06
120.6	4.975332e-06
120.62	5.110615e-06
120.64	5.126602e-06
120.66	5.022853e-06
120.68	4.804738e-06
120.7	4.483133e-06
120.72	4.073866e-06
120.74	3.596913e-06
120.76	3.075408e-06
120.78	2.534507e-06
120.8	2.000157e-06
120.82	1.497839e-06
120.84	1.051342e-06
120.86	6.816241e-07
120.88	4.058213e-07
120.9	2.364425e-07
120.92	1.807959e-07
120.94	2.406684e-07
120.96	4.122726e-07
120.98	6.864627e-07
121.0	1.049206e-06
121.02	1.482289e-06
121.04	1.964217e-06
121.06	2.471266e-06
121.08	2.978641e-06
121.1	3.46167e-06
121.12	3.896991e-06
121.14	4.263667e-06
121.16	4.544175e-06
121.18	4.725229e-06
121.2	4.798387e-06
121.22	4.760428e-06
121.24	4.613472e-06
121.26	4.364841e-06
121.28	4.026675e-06
121.3	3.615325e-06
121.32	3.150542e-06
121.34	2.654518e-06
121.36	2.150826e-06
121.38	1.66329e-06
121.4	1.214863e-06
121.42	8.265464e-07
121.44	5.164057e-07
121.46	2.987186e-07
121.48	1.833032e-07
121.5	1.75052e-07
121.52	2.737012e-07
121.54	4.738519e-07
121.56	7.652505e-07
121.58	1.133318e-06
121.6	1.559899e-06
121.62	2.024194e-06
121.64	2.503792e-06
121.66	2.975761e-06
121.68	3.417707e-06
121.7	3.808773e-06
121.72	4.130529e-06
121.74	4.367763e-06
121.76	4.509173e-06
121.78	4.547927e-06
121.8	4.482093e-06
121.82	4.314838e-06
121.84	4.054349e-06
121.86	3.713416e-06
121.88	3.308679e-06
121.9	2.859648e-06
121.92	2.38761e-06
121.94	1.91458e-06
121.96	1.462373e-06
121.98	1.051773e-06
122.0	7.017308e-07
122.02	4.28504e-07
122.04	2.44767e-07
122.06	1.588332e-07
122.08	1.741815e-07
122.1	2.89401e-07
122.12	4.984927e-07
122.14	7.913176e-07
122.16	1.153999e-06
122.18	1.569284e-06
122.2	2.017093e-06
122.22	2.47553e-06
122.24	2.922364e-06
122.26	3.336587e-06
122.28	3.699499e-06
122.3	3.995048e-06
122.32	4.209761e-06
122.34	4.332985e-06
122.36	4.357873e-06
122.38	4.282741e-06
122.4	4.111808e-06
122.42	3.854556e-06
122.44	3.524062e-06
122.46	3.135503e-06
122.48	2.705796e-06
122.5	2.254059e-06
122.52	1.801585e-06
122.54	1.370432e-06
122.56	9.812163e-07
122.58	6.515428e-07
122.6	3.957439e-07
122.62	2.251192e-07
122.64	1.475205e-07
122.66	1.66369e-07
122.68	2.802493e-07
122.7	4.835226e-07
122.72	7.669357e-07
122.74	1.117332e-06
122.76	1.517427e-06
122.78	1.947285e-06
122.8	2.386972e-06
122.82	2.817692e-06
122.84	3.22043e-06
122.86	3.575069e-06
122.88	3.863016e-06
122.9	4.071298e-06
122.92	4.193063e-06
122.94	4.22402e-06
122.96	4.160626e-06
122.98	4.003486e-06
123.0	3.761106e-06
123.02	3.447765e-06
123.04	3.078167e-06
123.06	2.666609e-06
123.08	2.230872e-06
123.1	1.793095e-06
123.12	1.375049e-06
123.14	9.945986e-07
123.16	6.674551e-07
123.18	4.090066e-07
123.2	2.320551e-07
123.22	1.443831e-07
123.24	1.493654e-07
123.26	2.464902e-07
123.28	4.305705e-07
123.3	6.928245e-07
123.32	1.022374e-06
123.34	1.404253e-06
123.36	1.818557e-06
123.38	2.245639e-06
123.4	2.668961e-06
123.42	3.069714e-06
123.44	3.425674e-06
123.46	3.720202e-06
123.48	3.94444e-06
123.5	4.088026e-06
123.52	4.139538e-06
123.54	4.097848e-06
123.56	3.969903e-06
123.58	3.759337e-06
123.6	3.471481e-06
123.62	3.122923e-06
123.64	2.732698e-06
123.66	2.314468e-06
123.68	1.885796e-06
123.7	1.470164e-06
123.72	1.086179e-06
123.74	7.481026e-07
123.76	4.724058e-07
123.78	2.731004e-07
123.8	1.578886e-07
123.82	1.313209e-07
123.84	1.94668e-07
123.86	3.454543e-07
123.88	5.77327e-07
123.9	8.778084e-07
123.92	1.23313e-06
123.94	1.630271e-06
123.96	2.04883e-06
123.98	2.467408e-06
124.0	2.872147e-06
124.02	3.24358e-06
124.04	3.559938e-06
124.06	3.812697e-06
124.08	3.991157e-06
124.1	4.080554e-06
124.12	4.082376e-06
124.14	3.998681e-06
124.16	3.825863e-06
124.18	3.576691e-06
124.2	3.264947e-06
124.22	2.897596e-06
124.24	2.495657e-06
124.26	2.079169e-06
124.28	1.66099e-06
124.3	1.263798e-06
124.32	9.06251e-07
124.34	6.004945e-07
124.36	3.629448e-07
124.38	2.043033e-07
124.4	1.299286e-07
124.42	1.438226e-07
124.44	2.46061e-07
124.46	4.313718e-07
124.48	6.900703e-07
124.5	1.013589e-06
124.52	1.385291e-06
124.54	1.787224e-06
124.56	2.206493e-06
124.58	2.618586e-06
124.6	3.007681e-06
124.62	3.359639e-06
124.64	3.651181e-06
124.66	3.877367e-06
124.68	4.02448e-06
124.7	4.083152e-06
124.72	4.059007e-06
124.74	3.94374e-06
124.76	3.748628e-06
124.78	3.482257e-06
124.8	3.150842e-06
124.82	2.77763e-06
124.84	2.371477e-06
124.86	1.95432e-06
124.88	1.54534e-06
124.9	1.158357e-06
124.92	8.159883e-07
124.94	5.288978e-07
124.96	3.118261e-07
124.98	1.746709e-07
125.0	1.21856e-07
125.02	1.571494e-07
125.04	2.78935e-07
125.06	4.80179e-07
125.08	7.549284e-07
125.1	1.088207e-06
125.12	1.466908e-06
125.14	1.875365e-06
125.16	2.29177e-06
125.18	2.704383e-06
125.2	3.086982e-06
125.22	3.431185e-06
125.24	3.714823e-06
125.26	3.930092e-06
125.28	4.066309e-06
125.3	4.115262e-06
125.32	4.080385e-06
125.34	3.955108e-06
125.36	3.754654e-06
125.38	3.477525e-06
125.4	3.145711e-06
125.42	2.765061e-06
125.44	2.35913e-06
125.46	1.940742e-06
125.48	1.531051e-06
125.5	1.146911e-06
125.52	8.046237e-07
125.54	5.207157e-07
125.56	3.053735e-07
125.58	1.704815e-07
125.6	1.196889e-07
125.62	1.570924e-07
125.64	2.800716e-07
125.66	4.835611e-07
125.68	7.596417e-07
125.7	1.094568e-06
125.72	1.476813e-06
125.74	1.886008e-06
125.76	2.309313e-06
125.78	2.722874e-06
125.8	3.115134e-06
125.82	3.462387e-06
125.84	3.756816e-06
125.86	3.978411e-06
125.88	4.124917e-06
125.9	4.182969e-06
125.92	4.156663e-06
125.94	4.041218e-06
125.96	3.846632e-06
125.98	3.577339e-06
126.0	3.247659e-06
126.02	2.870374e-06
126.04	2.461825e-06
126.06	2.040759e-06
126.08	1.623089e-06
126.1	1.229861e-06
126.12	8.745001e-07
126.14	5.760246e-07
126.16	3.438881e-07
126.18	1.911599e-07
126.2	1.221681e-07
126.22	1.417985e-07
126.24	2.479859e-07
126.26	4.37757e-07
126.28	7.013064e-07
126.3	1.030324e-06
126.32	1.406942e-06
126.34	1.820383e-06
126.36	2.247234e-06
126.38	2.675261e-06
126.4	3.081618e-06
126.42	3.451458e-06
126.44	3.769892e-06
126.46	4.019099e-06
126.48	4.195782e-06
126.5	4.283485e-06
126.52	4.287122e-06
126.54	4.200207e-06
126.56	4.028779e-06
126.58	3.782206e-06
126.6	3.46503e-06
126.62	3.098524e-06
126.64	2.690844e-06
126.66	2.264094e-06
126.68	1.835281e-06
126.7	1.420296e-06
126.72	1.041192e-06
126.74	7.095439e-07
126.76	4.428472e-07
126.78	2.510973e-07
126.8	1.425673e-07
126.82	1.229196e-07
126.84	1.920633e-07
126.86	3.48928e-07
126.88	5.84961e-07
126.9	8.931079e-07
126.92	1.258728e-06
126.94	1.666433e-06
126.96	2.102459e-06
126.98	2.543679e-06
127.0	2.975774e-06
127.02	3.380496e-06
127.04	3.736609e-06
127.06	4.035715e-06
127.08	4.261073e-06
127.1	4.402015e-06
127.12	4.458615e-06
127.14	4.422085e-06
127.16	4.295772e-06
127.18	4.088875e-06
127.2	3.803548e-06
127.22	3.45525e-06
127.24	3.060443e-06
127.26	2.630318e-06
127.28	2.186681e-06
127.3	1.748708e-06
127.32	1.331032e-06
127.34	9.543424e-07
127.36	6.344148e-07
127.38	3.826595e-07
127.4	2.119423e-07
127.42	1.290462e-07
127.44	1.37094e-07
127.46	2.374742e-07
127.48	4.25014e-07
127.5	6.927802e-07
127.52	1.031443e-06
127.54	1.424929e-06
127.56	1.857988e-06
127.58	2.315425e-06
127.6	2.775561e-06
127.62	3.219109e-06
127.64	3.631716e-06
127.66	3.994323e-06
127.68	4.289252e-06
127.7	4.50829e-06
127.72	4.642995e-06
127.74	4.683429e-06
127.76	4.629399e-06
127.78	4.486516e-06
127.8	4.25755e-06
127.82	3.949806e-06
127.84	3.579401e-06
127.86	3.162077e-06
127.88	2.71169e-06
127.9	2.247325e-06
127.92	1.790735e-06
127.94	1.359656e-06
127.96	9.702639e-07
127.98	6.401599e-07
128.0	3.84118e-07
128.02	2.11786e-07
128.04	1.30497e-07
128.06	1.450731e-07
128.08	2.550321e-07
128.1	4.556916e-07
128.12	7.403064e-07
128.14	1.098346e-06
128.16	1.51441e-06
128.18	1.971479e-06
128.2	2.452954e-06
128.22	2.940269e-06
128.24	3.412124e-06
128.26	3.848521e-06
128.28	4.233571e-06
128.3	4.553175e-06
128.32	4.792994e-06
128.34	4.941373e-06
128.36	4.992953e-06
128.38	4.947596e-06
128.4	4.807041e-06
128.42	4.574912e-06
128.44	4.259623e-06
128.46	3.875177e-06
128.48	3.438398e-06
128.5	2.966372e-06
128.52	2.476819e-06
128.54	1.989417e-06
128.56	1.525083e-06
128.58	1.103528e-06
128.6	7.416704e-07
128.62	4.538409e-07
128.64	2.522306e-07
128.66	1.461625e-07
128.68	1.407887e-07
128.7	2.366469e-07
128.72	4.303012e-07
128.74	7.149995e-07
128.76	1.080586e-06
128.78	1.513169e-06
128.8	1.995524e-06
128.82	2.508392e-06
128.84	3.031868e-06
128.86	3.546102e-06
128.88	4.031386e-06
128.9	4.46838e-06
128.92	4.839043e-06
128.94	5.128012e-06
128.96	5.323748e-06
128.98	5.418927e-06
129.0	5.410199e-06
129.02	5.297831e-06
129.04	5.085658e-06
129.06	4.781316e-06
129.08	4.39641e-06
129.1	3.946247e-06
129.12	3.449086e-06
129.14	2.925088e-06
129.16	2.395291e-06
129.18	1.88078e-06
129.2	1.402045e-06
129.22	9.783825e-07
129.24	6.27234e-07
129.26	3.634371e-07
129.28	1.984942e-07
129.3	1.399818e-07
129.32	1.911962e-07
129.34	3.510559e-07
129.36	6.14217e-07
129.38	9.713382e-07
129.4	1.409448e-06
129.42	1.9124e-06
129.44	2.461421e-06
129.46	3.03577e-06
129.48	3.613517e-06
129.5	4.172394e-06
129.52	4.69071e-06
129.54	5.148235e-06
129.56	5.527041e-06
129.58	5.812222e-06
129.6	5.99249e-06
129.62	6.060611e-06
129.64	6.013687e-06
129.66	5.85327e-06
129.68	5.585318e-06
129.7	5.219983e-06
129.72	4.771253e-06
129.74	4.256443e-06
129.76	3.695555e-06
129.78	3.110531e-06
129.8	2.524425e-06
129.82	1.960516e-06
129.84	1.441418e-06
129.86	9.881907e-07
129.88	6.195178e-07
129.9	3.509653e-07
129.92	1.943568e-07
129.94	1.572905e-07
129.96	2.428153e-07
129.98	4.492814e-07
130.0	7.703704e-07