 9.0100000E+01  5.1029820E-03  9.0652381E-01 
 9.0120000E+01  6.1235770E-03  9.4857743E-01 
 9.0140000E+01  7.1441713E-03  1.0118521E+00 
 9.0160000E+01  8.1647647E-03  1.0486482E+00 
 9.0180000E+01  9.1853571E-03  1.0641982E+00 
 9.0200000E+01  1.0205948E-02  1.0684307E+00 
 9.0220000E+01  1.1226538E-02  1.0666184E+00 
 9.0240000E+01  1.2247127E-02  1.0613542E+00 
 9.0260000E+01  1.3267714E-02  1.0539907E+00 
 9.0280000E+01  1.4288300E-02  1.0452877E+00 
 9.0300000E+01  1.5308884E-02  1.0357006E+00 
 9.0320000E+01  1.6329466E-02  1.0255166E+00 
 9.0340000E+01  1.7350046E-02  1.0149245E+00 
 9.0360000E+01  1.8370624E-02  1.0040519E+00 
 9.0380000E+01  1.9391199E-02  9.9298739E-01 
 9.0400000E+01  2.0411772E-02  9.8179328E-01 
 9.0420000E+01  2.1432343E-02  9.7051404E-01 
 9.0440000E+01  2.2452911E-02  9.5918160E-01 
 9.0460000E+01  2.3473477E-02  9.4781897E-01 
 9.0480000E+01  2.4494039E-02  9.3644266E-01 
 9.0500000E+01  2.5514599E-02  9.2506447E-01 
 9.0520000E+01  2.6535155E-02  9.1369262E-01 
 9.0540000E+01  2.7555709E-02  9.0233271E-01 
 9.0560000E+01  2.8576259E-02  8.9098830E-01 
 9.0580000E+01  2.9596805E-02  8.7966146E-01 
 9.0600000E+01  3.0617348E-02  8.6835302E-01 
 9.0620000E+01  3.1637887E-02  8.5706294E-01 
 9.0640000E+01  3.2658422E-02  8.4579045E-01 
 9.0660000E+01  3.3678953E-02  8.3453423E-01 
 9.0680000E+01  3.4699480E-02  8.2329251E-01 
 9.0700000E+01  3.5720003E-02  8.1206320E-01 
 9.0720000E+01  3.6740522E-02  8.0084393E-01 
 9.0740000E+01  3.7761036E-02  7.8963210E-01 
 9.0760000E+01  3.8781545E-02  7.7842495E-01 
 9.0780000E+01  3.9802050E-02  7.6721960E-01 
 9.0800000E+01  4.0822550E-02  7.5601305E-01 
 9.0820000E+01  4.1843045E-02  7.4480224E-01 
 9.0840000E+01  4.2863535E-02  7.3358403E-01 
 9.0860000E+01  4.3884019E-02  7.2235525E-01 
 9.0880000E+01  4.4904499E-02  7.1111271E-01 
 9.0900000E+01  4.5924972E-02  6.9985320E-01 
 9.0920000E+01  4.6945440E-02  6.8857351E-01 
 9.0940000E+01  4.7965903E-02  6.7727045E-01 
 9.0960000E+01  4.8986360E-02  6.6594086E-01 
 9.0980000E+01  5.0006810E-02  6.5458162E-01 
 9.1000000E+01  5.1027255E-02  6.4318967E-01 
 9.1020000E+01  5.2047693E-02  6.3176202E-01 
 9.1040000E+01  5.3068125E-02  6.2029577E-01 
 9.1060000E+01  5.4088551E-02  6.0878815E-01 
 9.1080000E+01  5.5108970E-02  5.9723650E-01 
 9.1100000E+01  5.6129382E-02  5.8563836E-01 
 9.1120000E+01  5.7149787E-02  5.7399144E-01 
 9.1140000E+01  5.8170186E-02  5.6229370E-01 
 9.1160000E+01  5.9190577E-02  5.5054336E-01 
 9.1180000E+01  6.0210961E-02  5.3873896E-01 
 9.1200000E+01  6.1231338E-02  5.2687944E-01 
 9.1220000E+01  6.2251707E-02  5.1496414E-01 
 9.1240000E+01  6.3272069E-02  5.0299291E-01 
 9.1260000E+01  6.4292423E-02  4.9096617E-01 
 9.1280000E+01  6.5312769E-02  4.7888503E-01 
 9.1300000E+01  6.6333107E-02  4.6675131E-01 
 9.1320000E+01  6.7353438E-02  4.5456771E-01 
 9.1340000E+01  6.8373760E-02  4.4233787E-01 
 9.1360000E+01  6.9394073E-02  4.3006653E-01 
 9.1380000E+01  7.0414378E-02  4.1775963E-01 
 9.1400000E+01  7.1434675E-02  4.0542440E-01 
 9.1420000E+01  7.2454963E-02  3.9306958E-01 
 9.1440000E+01  7.3475242E-02  3.8070543E-01 
 9.1460000E+01  7.4495512E-02  3.6834391E-01 
 9.1480000E+01  7.5515773E-02  3.5599875E-01 
 9.1500000E+01  7.6536025E-02  3.4368549E-01 
 9.1520000E+01  7.7556267E-02  3.3142155E-01 
 9.1540000E+01  7.8576500E-02  3.1922615E-01 
 9.1560000E+01  7.9596724E-02  3.0712027E-01 
 9.1580000E+01  8.0616938E-02  2.9512646E-01 
 9.1600000E+01  8.1637141E-02  2.8326863E-01 
 9.1620000E+01  8.2657335E-02  2.7157173E-01 
 9.1640000E+01  8.3677519E-02  2.6006135E-01 
 9.1660000E+01  8.4697693E-02  2.4876331E-01 
 9.1680000E+01  8.5717857E-02  2.3770311E-01 
 9.1700000E+01  8.6738010E-02  2.2690544E-01 
 9.1720000E+01  8.7758152E-02  2.1639364E-01 
 9.1740000E+01  8.8778284E-02  2.0618920E-01 
 9.1760000E+01  8.9798404E-02  1.9631133E-01 
 9.1780000E+01  9.0818514E-02  1.8677662E-01 
 9.1800000E+01  9.1838613E-02  1.7759869E-01 
 9.1820000E+01  9.2858701E-02  1.6878799E-01 
 9.1840000E+01  9.3878777E-02  1.6035170E-01 
 9.1860000E+01  9.4898842E-02  1.5229353E-01 
 9.1880000E+01  9.5918896E-02  1.4461379E-01 
 9.1900000E+01  9.6938937E-02  1.3730937E-01 
 9.1920000E+01  9.7958967E-02  1.3037387E-01 
 9.1940000E+01  9.8978985E-02  1.2379786E-01 
 9.1960000E+01  9.9998991E-02  1.1756930E-01 
 9.1980000E+01  1.0101898E-01  1.1167406E-01 
 9.2000000E+01  1.0203897E-01  1.0609667E-01 
 9.2020000E+01  1.0305894E-01  1.0082109E-01 
 9.2040000E+01  1.0407889E-01  9.5831526E-02 
 9.2060000E+01  1.0509884E-01  9.1113152E-02 
 9.2080000E+01  1.0611877E-01  8.6652652E-02 
 9.2100000E+01  1.0713868E-01  8.2438495E-02 
 9.2120000E+01  1.0815859E-01  7.8460891E-02 
 9.2140000E+01  1.0917848E-01  7.4711446E-02 
 9.2160000E+01  1.1019836E-01  7.1182555E-02 
 9.2180000E+01  1.1121822E-01  6.7866638E-02 
 9.2200000E+01  1.1223808E-01  6.4755354E-02 
 9.2220000E+01  1.1325791E-01  6.1838920E-02 
 9.2240000E+01  1.1427774E-01  5.9105669E-02 
 9.2260000E+01  1.1529755E-01  5.6541933E-02 
 9.2280000E+01  1.1631734E-01  5.4132296E-02 
 9.2300000E+01  1.1733713E-01  5.1860191E-02 
 9.2320000E+01  1.1835689E-01  4.9708789E-02 
 9.2340000E+01  1.1937665E-01  4.7662037E-02 
 9.2360000E+01  1.2039638E-01  4.5705721E-02 
 9.2380000E+01  1.2141611E-01  4.3828396E-02 
 9.2400000E+01  1.2243582E-01  4.2022056E-02 
 9.2420000E+01  1.2345551E-01  4.0282433E-02 
 9.2440000E+01  1.2447519E-01  3.8608898E-02 
 9.2460000E+01  1.2549485E-01  3.7003938E-02 
 9.2480000E+01  1.2651450E-01  3.5472300E-02 
 9.2500000E+01  1.2753414E-01  3.4019870E-02 
 9.2520000E+01  1.2855375E-01  3.2652439E-02 
 9.2540000E+01  1.2957336E-01  3.1374493E-02 
 9.2560000E+01  1.3059294E-01  3.0188165E-02 
 9.2580000E+01  1.3161251E-01  2.9092486E-02 
 9.2600000E+01  1.3263207E-01  2.8082997E-02 
 9.2620000E+01  1.3365161E-01  2.7151792E-02 
 9.2640000E+01  1.3467113E-01  2.6287974E-02 
 9.2660000E+01  1.3569063E-01  2.5478465E-02 
 9.2680000E+01  1.3671012E-01  2.4709094E-02 
 9.2700000E+01  1.3772959E-01  2.3965822E-02 
 9.2720000E+01  1.3874905E-01  2.3235982E-02 
 9.2740000E+01  1.3976849E-01  2.2509383E-02 
 9.2760000E+01  1.4078791E-01  2.1779170E-02 
 9.2780000E+01  1.4180731E-01  2.1042345E-02 
 9.2800000E+01  1.4282670E-01  2.0299904E-02 
 9.2820000E+01  1.4384607E-01  1.9556570E-02 
 9.2840000E+01  1.4486542E-01  1.8820168E-02 
 9.2860000E+01  1.4588476E-01  1.8100692E-02 
 9.2880000E+01  1.4690408E-01  1.7409180E-02 
 9.2900000E+01  1.4792337E-01  1.6756495E-02 
 9.2920000E+01  1.4894265E-01  1.6152137E-02 
 9.2940000E+01  1.4996192E-01  1.5603200E-02 
 9.2960000E+01  1.5098116E-01  1.5113582E-02 
 9.2980000E+01  1.5200039E-01  1.4683504E-02 
 9.3000000E+01  1.5301960E-01  1.4309399E-02 
 9.3020000E+01  1.5403878E-01  1.3984166E-02 
 9.3040000E+01  1.5505795E-01  1.3697767E-02 
 9.3060000E+01  1.5607711E-01  1.3438102E-02 
 9.3080000E+01  1.5709624E-01  1.3192075E-02 
 9.3100000E+01  1.5811535E-01  1.2946746E-02 
 9.3120000E+01  1.5913444E-01  1.2690459E-02 
 9.3140000E+01  1.6015352E-01  1.2413843E-02 
 9.3160000E+01  1.6117257E-01  1.2110591E-02 
 9.3180000E+01  1.6219161E-01  1.1777951E-02 
 9.3200000E+01  1.6321062E-01  1.1416895E-02 
 9.3220000E+01  1.6422962E-01  1.1031949E-02 
 9.3240000E+01  1.6524860E-01  1.0630716E-02 
 9.3260000E+01  1.6626755E-01  1.0223133E-02 
 9.3280000E+01  1.6728649E-01  9.8205320E-03 
 9.3300000E+01  1.6830540E-01  9.4346026E-03 
 9.3320000E+01  1.6932430E-01  9.0763271E-03 
 9.3340000E+01  1.7034317E-01  8.7549992E-03 
 9.3360000E+01  1.7136202E-01  8.4773999E-03 
 9.3380000E+01  1.7238085E-01  8.2472023E-03 
 9.3400000E+01  1.7339967E-01  8.0646531E-03 
 9.3420000E+01  1.7441846E-01  7.9265557E-03 
 9.3440000E+01  1.7543722E-01  7.8265508E-03 
 9.3460000E+01  1.7645597E-01  7.7556667E-03 
 9.3480000E+01  1.7747470E-01  7.7030882E-03 
 9.3500000E+01  1.7849340E-01  7.6570726E-03 
 9.3520000E+01  1.7951208E-01  7.6059332E-03 
 9.3540000E+01  1.8053074E-01  7.5390024E-03 
 9.3560000E+01  1.8154938E-01  7.4474958E-03 
 9.3580000E+01  1.8256800E-01  7.3252026E-03 
 9.3600000E+01  1.8358659E-01  7.1689521E-03 
 9.3620000E+01  1.8460516E-01  6.9788190E-03 
 9.3640000E+01  1.8562371E-01  6.7580593E-03 
 9.3660000E+01  1.8664224E-01  6.5127861E-03 
 9.3680000E+01  1.8766074E-01  6.2514194E-03 
 9.3700000E+01  1.8867923E-01  5.9839564E-03 
 9.3720000E+01  1.8969768E-01  5.7211271E-03 
 9.3740000E+01  1.9071612E-01  5.4735038E-03 
 9.3760000E+01  1.9173453E-01  5.2506366E-03 
 9.3780000E+01  1.9275292E-01  5.0602837E-03 
 9.3800000E+01  1.9377128E-01  4.9077967E-03 
 9.3820000E+01  1.9478963E-01  4.7957088E-03 
 9.3840000E+01  1.9580794E-01  4.7235546E-03 
 9.3860000E+01  1.9682624E-01  4.6879346E-03 
 9.3880000E+01  1.9784451E-01  4.6828144E-03 
 9.3900000E+01  1.9886275E-01  4.7000317E-03 
 9.3920000E+01  1.9988097E-01  4.7299665E-03 
 9.3940000E+01  2.0089917E-01  4.7623185E-03 
 9.3960000E+01  2.0191734E-01  4.7869261E-03 
 9.3980000E+01  2.0293549E-01  4.7945613E-03 
 9.4000000E+01  2.0395361E-01  4.7776373E-03 
 9.4020000E+01  2.0497171E-01  4.7307745E-03 
 9.4040000E+01  2.0598979E-01  4.6511838E-03 
 9.4060000E+01  2.0700783E-01  4.5388401E-03 
 9.4080000E+01  2.0802586E-01  4.3964382E-03 
 9.4100000E+01  2.0904385E-01  4.2291392E-03 
 9.4120000E+01  2.1006183E-01  4.0441298E-03 
 9.4140000E+01  2.1107977E-01  3.8500348E-03 
 9.4160000E+01  2.1209769E-01  3.6562271E-03 
 9.4180000E+01  2.1311559E-01  3.4720921E-03 
 9.4200000E+01  2.1413346E-01  3.3063023E-03 
 9.4220000E+01  2.1515130E-01  3.1661562E-03 
 9.4240000E+01  2.1616912E-01  3.0570328E-03 
 9.4260000E+01  2.1718691E-01  2.9819995E-03 
 9.4280000E+01  2.1820467E-01  2.9416035E-03 
 9.4300000E+01  2.1922241E-01  2.9338582E-03 
 9.4320000E+01  2.2024012E-01  2.9544245E-03 
 9.4340000E+01  2.2125780E-01  2.9969698E-03 
 9.4360000E+01  2.2227546E-01  3.0536739E-03 
 9.4380000E+01  2.2329309E-01  3.1158415E-03 
 9.4400000E+01  2.2431069E-01  3.1745719E-03 
 9.4420000E+01  2.2532827E-01  3.2214338E-03 
 9.4440000E+01  2.2634582E-01  3.2490929E-03 
 9.4460000E+01  2.2736334E-01  3.2518471E-03 
 9.4480000E+01  2.2838083E-01  3.2260284E-03 
 9.4500000E+01  2.2939829E-01  3.1702457E-03 
 9.4520000E+01  2.3041573E-01  3.0854531E-03 
 9.4540000E+01  2.3143314E-01  2.9748419E-03 
 9.4560000E+01  2.3245052E-01  2.8435684E-03 
 9.4580000E+01  2.3346787E-01  2.6983394E-03 
 9.4600000E+01  2.3448520E-01  2.5468910E-03 
 9.4620000E+01  2.3550249E-01  2.3973980E-03 
 9.4640000E+01  2.3651976E-01  2.2578602E-03 
 9.4660000E+01  2.3753700E-01  2.1355109E-03 
 9.4680000E+01  2.3855420E-01  2.0362890E-03 
 9.4700000E+01  2.3957138E-01  1.9644153E-03 
 9.4720000E+01  2.4058853E-01  1.9221001E-03 
 9.4740000E+01  2.4160566E-01  1.9094045E-03 
 9.4760000E+01  2.4262275E-01  1.9242614E-03 
 9.4780000E+01  2.4363981E-01  1.9626546E-03 
 9.4800000E+01  2.4465684E-01  2.0189391E-03 
 9.4820000E+01  2.4567384E-01  2.0862774E-03 
 9.4840000E+01  2.4669082E-01  2.1571576E-03 
 9.4860000E+01  2.4770776E-01  2.2239536E-03 
 9.4880000E+01  2.4872467E-01  2.2794850E-03 
 9.4900000E+01  2.4974155E-01  2.3175354E-03 
 9.4920000E+01  2.5075841E-01  2.3332924E-03 
 9.4940000E+01  2.5177523E-01  2.3236767E-03 
 9.4960000E+01  2.5279202E-01  2.2875415E-03 
 9.4980000E+01  2.5380878E-01  2.2257259E-03 
 9.5000000E+01  2.5482551E-01  2.1409661E-03 
 9.5020000E+01  2.5584220E-01  2.0376688E-03 
 9.5040000E+01  2.5685887E-01  1.9215690E-03 
 9.5060000E+01  2.5787550E-01  1.7992964E-03 
 9.5080000E+01  2.5889211E-01  1.6778837E-03 
 9.5100000E+01  2.5990868E-01  1.5642541E-03 
 9.5120000E+01  2.6092522E-01  1.4647217E-03 
 9.5140000E+01  2.6194173E-01  1.3845438E-03 
 9.5160000E+01  2.6295821E-01  1.3275544E-03 
 9.5180000E+01  2.6397465E-01  1.2959051E-03 
 9.5200000E+01  2.6499106E-01  1.2899297E-03 
 9.5220000E+01  2.6600744E-01  1.3081430E-03 
 9.5240000E+01  2.6702379E-01  1.3473687E-03 
 9.5260000E+01  2.6804011E-01  1.4029895E-03 
 9.5280000E+01  2.6905639E-01  1.4692963E-03 
 9.5300000E+01  2.7007264E-01  1.5399118E-03 
 9.5320000E+01  2.7108886E-01  1.6082565E-03 
 9.5340000E+01  2.7210504E-01  1.6680216E-03 
 9.5360000E+01  2.7312119E-01  1.7136171E-03 
 9.5380000E+01  2.7413731E-01  1.7405595E-03 
 9.5400000E+01  2.7515339E-01  1.7457775E-03 
 9.5420000E+01  2.7616945E-01  1.7278096E-03 
 9.5440000E+01  2.7718546E-01  1.6868870E-03 
 9.5460000E+01  2.7820145E-01  1.6248925E-03 
 9.5480000E+01  2.7921740E-01  1.5452057E-03 
 9.5500000E+01  2.8023331E-01  1.4524430E-03 
 9.5520000E+01  2.8124919E-01  1.3521143E-03 
 9.5540000E+01  2.8226504E-01  1.2502222E-03 
 9.5560000E+01  2.8328085E-01  1.1528300E-03 
 9.5580000E+01  2.8429663E-01  1.0656341E-03 
 9.5600000E+01  2.8531237E-01  9.9356315E-04 
 9.5620000E+01  2.8632808E-01  9.4044148E-04 
 9.5640000E+01  2.8734375E-01  9.0872956E-04 
 9.5660000E+01  2.8835939E-01  8.9936751E-04 
 9.5680000E+01  2.8937500E-01  9.1172562E-04 
 9.5700000E+01  2.9039057E-01  9.4366720E-04 
 9.5720000E+01  2.9140610E-01  9.9171762E-04 
 9.5740000E+01  2.9242160E-01  1.0513239E-03 
 9.5760000E+01  2.9343706E-01  1.1171903E-03 
 9.5780000E+01  2.9445248E-01  1.1836579E-03 
 9.5800000E+01  2.9546787E-01  1.2451092E-03 
 9.5820000E+01  2.9648323E-01  1.2963599E-03 
 9.5840000E+01  2.9749855E-01  1.3330188E-03 
 9.5860000E+01  2.9851383E-01  1.3517841E-03 
 9.5880000E+01  2.9952907E-01  1.3506603E-03 
 9.5900000E+01  3.0054428E-01  1.3290822E-03 
 9.5920000E+01  3.0155945E-01  1.2879334E-03 
 9.5940000E+01  3.0257459E-01  1.2294696E-03 
 9.5960000E+01  3.0358969E-01  1.1571406E-03 
 9.5980000E+01  3.0460475E-01  1.0753385E-03 
 9.6000000E+01  3.0561977E-01  9.8907784E-04 
 9.6020000E+01  3.0663476E-01  9.0364090E-04 
 9.6040000E+01  3.0764971E-01  8.2420683E-04 
 9.6060000E+01  3.0866462E-01  7.5549127E-04 
 9.6080000E+01  3.0967950E-01  7.0142632E-04 
 9.6100000E+01  3.1069434E-01  6.6489230E-04 
 9.6120000E+01  3.1170914E-01  6.4753302E-04 
 9.6140000E+01  3.1272390E-01  6.4965139E-04 
 9.6160000E+01  3.1373862E-01  6.7020630E-04 
 9.6180000E+01  3.1475331E-01  7.0689771E-04 
 9.6200000E+01  3.1576795E-01  7.5634124E-04 
 9.6220000E+01  3.1678256E-01  8.1431609E-04 
 9.6240000E+01  3.1779713E-01  8.7606491E-04 
 9.6260000E+01  3.1881166E-01  9.3663371E-04 
 9.6280000E+01  3.1982615E-01  9.9121210E-04 
 9.6300000E+01  3.2084061E-01  1.0354697E-03 
 9.6320000E+01  3.2185502E-01  1.0658452E-03 
 9.6340000E+01  3.2286939E-01  1.0797855E-03 
 9.6360000E+01  3.2388373E-01  1.0759101E-03 
 9.6380000E+01  3.2489803E-01  1.0540887E-03 
 9.6400000E+01  3.2591228E-01  1.0154413E-03 
 9.6420000E+01  3.2692650E-01  9.6223936E-04 
 9.6440000E+01  3.2794068E-01  8.9774326E-04 
 9.6460000E+01  3.2895481E-01  8.2596151E-04 
 9.6480000E+01  3.2996891E-01  7.5136978E-04 
 9.6500000E+01  3.3098297E-01  6.7859901E-04 
 9.6520000E+01  3.3199698E-01  6.1211223E-04 
 9.6540000E+01  3.3301096E-01  5.5590573E-04 
 9.6560000E+01  3.3402489E-01  5.1323301E-04 
 9.6580000E+01  3.3503879E-01  4.8639559E-04 
 9.6600000E+01  3.3605264E-01  4.7658997E-04 
 9.6620000E+01  3.3706645E-01  4.8383972E-04 
 9.6640000E+01  3.3808022E-01  5.0700585E-04 
 9.6660000E+01  3.3909395E-01  5.4387446E-04 
 9.6680000E+01  3.4010764E-01  5.9132487E-04 
 9.6700000E+01  3.4112129E-01  6.4554622E-04 
 9.6720000E+01  3.4213490E-01  7.0231341E-04 
 9.6740000E+01  3.4314846E-01  7.5727413E-04 
 9.6760000E+01  3.4416198E-01  8.0625200E-04 
 9.6780000E+01  3.4517547E-01  8.4553001E-04 
 9.6800000E+01  3.4618890E-01  8.7209472E-04 
 9.6820000E+01  3.4720230E-01  8.8384247E-04 
 9.6840000E+01  3.4821565E-01  8.7970236E-04 
 9.6860000E+01  3.4922897E-01  8.5970740E-04 
 9.6880000E+01  3.5024224E-01  8.2497417E-04 
 9.6900000E+01  3.5125546E-01  7.7761573E-04 
 9.6920000E+01  3.5226865E-01  7.2059257E-04 
 9.6940000E+01  3.5328179E-01  6.5749297E-04 
 9.6960000E+01  3.5429488E-01  5.9229393E-04 
 9.6980000E+01  3.5530794E-01  5.2907749E-04 
 9.7000000E+01  3.5632095E-01  4.7175810E-04 
 9.7020000E+01  3.5733392E-01  4.2381815E-04 
 9.7040000E+01  3.5834684E-01  3.8807111E-04 
 9.7060000E+01  3.5935972E-01  3.6648518E-04 
 9.7080000E+01  3.6037256E-01  3.6004814E-04 
 9.7100000E+01  3.6138535E-01  3.6871869E-04 
 9.7120000E+01  3.6239810E-01  3.9143282E-04 
 9.7140000E+01  3.6341081E-01  4.2618815E-04 
 9.7160000E+01  3.6442347E-01  4.7019164E-04 
 9.7180000E+01  3.6543608E-01  5.2004920E-04 
 9.7200000E+01  3.6644865E-01  5.7201278E-04 
 9.7220000E+01  3.6746118E-01  6.2222593E-04 
 9.7240000E+01  3.6847366E-01  6.6699518E-04 
 9.7260000E+01  3.6948610E-01  7.0303509E-04 
 9.7280000E+01  3.7049849E-01  7.2768153E-04 
 9.7300000E+01  3.7151084E-01  7.3907708E-04 
 9.7320000E+01  3.7252314E-01  7.3627285E-04 
 9.7340000E+01  3.7353540E-01  7.1929702E-04 
 9.7360000E+01  3.7454761E-01  6.8913616E-04 
 9.7380000E+01  3.7555977E-01  6.4765668E-04 
 9.7400000E+01  3.7657189E-01  5.9748193E-04 
 9.7420000E+01  3.7758397E-01  5.4179221E-04 
 9.7440000E+01  3.7859599E-01  4.8412039E-04 
 9.7460000E+01  3.7960798E-01  4.2810232E-04 
 9.7480000E+01  3.8061991E-01  3.7723094E-04 
 9.7500000E+01  3.8163180E-01  3.3463114E-04 
 9.7520000E+01  3.8264364E-01  3.0283946E-04 
 9.7540000E+01  3.8365544E-01  2.8365248E-04 
 9.7560000E+01  3.8466719E-01  2.7800248E-04 
 9.7580000E+01  3.8567889E-01  2.8590606E-04 
 9.7600000E+01  3.8669054E-01  3.0647481E-04 
 9.7620000E+01  3.8770215E-01  3.3797301E-04 
 9.7640000E+01  3.8871371E-01  3.7795598E-04 
 9.7660000E+01  3.8972523E-01  4.2342685E-04 
 9.7680000E+01  3.9073669E-01  4.7105203E-04 
 9.7700000E+01  3.9174811E-01  5.1738793E-04 
 9.7720000E+01  3.9275948E-01  5.5910303E-04 
 9.7740000E+01  3.9377080E-01  5.9321796E-04 
 9.7760000E+01  3.9478208E-01  6.1728313E-04 
 9.7780000E+01  3.9579330E-01  6.2954967E-04 
 9.7800000E+01  3.9680448E-01  6.2908108E-04 
 9.7820000E+01  3.9781561E-01  6.1579393E-04 
 9.7840000E+01  3.9882669E-01  5.9047756E-04 
 9.7860000E+01  3.9983773E-01  5.5471373E-04 
 9.7880000E+01  4.0084871E-01  5.1077235E-04 
 9.7900000E+01  4.0185965E-01  4.6146034E-04 
 9.7920000E+01  4.0287053E-01  4.0991140E-04 
 9.7940000E+01  4.0388137E-01  3.5939545E-04 
 9.7960000E+01  4.0489216E-01  3.1308404E-04 
 9.7980000E+01  4.0590290E-01  2.7384263E-04 
 9.8000000E+01  4.0691359E-01  2.4405116E-04 
 9.8020000E+01  4.0792423E-01  2.2543222E-04 
 9.8040000E+01  4.0893482E-01  2.1895911E-04 
 9.8060000E+01  4.0994536E-01  2.2478510E-04 
 9.8080000E+01  4.1095585E-01  2.4224191E-04 
 9.8100000E+01  4.1196629E-01  2.6989961E-04 
 9.8120000E+01  4.1297668E-01  3.0565160E-04 
 9.8140000E+01  4.1398702E-01  3.4687952E-04 
 9.8160000E+01  4.1499730E-01  3.9061880E-04 
 9.8180000E+01  4.1600754E-01  4.3375989E-04 
 9.8200000E+01  4.1701773E-01  4.7327046E-04 
 9.8220000E+01  4.1802787E-01  5.0637298E-04 
 9.8240000E+01  4.1903795E-01  5.3074952E-04 
 9.8260000E+01  4.2004799E-01  5.4468332E-04 
 9.8280000E+01  4.2105797E-01  5.4715692E-04 
 9.8300000E+01  4.2206791E-01  5.3793954E-04 
 9.8320000E+01  4.2307779E-01  5.1756899E-04 
 9.8340000E+01  4.2408762E-01  4.8732266E-04 
 9.8360000E+01  4.2509740E-01  4.4913510E-04 
 9.8380000E+01  4.2610712E-01  4.0543965E-04 
 9.8400000E+01  4.2711680E-01  3.5903051E-04 
 9.8420000E+01  4.2812642E-01  3.1285997E-04 
 9.8440000E+01  4.2913599E-01  2.6983674E-04 
 9.8460000E+01  4.3014551E-01  2.3265397E-04 
 9.8480000E+01  4.3115497E-01  2.0358815E-04 
 9.8500000E+01  4.3216438E-01  1.8436720E-04 
 9.8520000E+01  4.3317374E-01  1.7605938E-04 
 9.8540000E+01  4.3418305E-01  1.7899365E-04 
 9.8560000E+01  4.3519231E-01  1.9276459E-04 
 9.8580000E+01  4.3620151E-01  2.1624550E-04 
 9.8600000E+01  4.3721066E-01  2.4767645E-04 
 9.8620000E+01  4.3821975E-01  2.8479352E-04 
 9.8640000E+01  4.3922879E-01  3.2496076E-04 
 9.8660000E+01  4.4023778E-01  3.6537257E-04 
 9.8680000E+01  4.4124672E-01  4.0322643E-04 
 9.8700000E+01  4.4225560E-01  4.3590101E-04 
 9.8720000E+01  4.4326442E-01  4.6115458E-04 
 9.8740000E+01  4.4427320E-01  4.7723944E-04 
 9.8760000E+01  4.4528191E-01  4.8302823E-04 
 9.8780000E+01  4.4629058E-01  4.7809600E-04 
 9.8800000E+01  4.4729919E-01  4.6271049E-04 
 9.8820000E+01  4.4830774E-01  4.3784038E-04 
 9.8840000E+01  4.4931625E-01  4.0507788E-04 
 9.8860000E+01  4.5032469E-01  3.6650963E-04 
 9.8880000E+01  4.5133308E-01  3.2460964E-04 
 9.8900000E+01  4.5234142E-01  2.8204879E-04 
 9.8920000E+01  4.5334970E-01  2.4151785E-04 
 9.8940000E+01  4.5435793E-01  2.0557286E-04 
 9.8960000E+01  4.5536610E-01  1.7643847E-04 
 9.8980000E+01  4.5637421E-01  1.5588117E-04 
 9.9000000E+01  4.5738227E-01  1.4509957E-04 
 9.9020000E+01  4.5839028E-01  1.4462853E-04 
 9.9040000E+01  4.5939822E-01  1.5433351E-04 
 9.9060000E+01  4.6040612E-01  1.7340844E-04 
 9.9080000E+01  4.6141395E-01  2.0042989E-04 
 9.9100000E+01  4.6242173E-01  2.3347618E-04 
 9.9120000E+01  4.6342945E-01  2.7022951E-04 
 9.9140000E+01  4.6443712E-01  3.0814708E-04 
 9.9160000E+01  4.6544473E-01  3.4463850E-04 
 9.9180000E+01  4.6645228E-01  3.7720588E-04 
 9.9200000E+01  4.6745978E-01  4.0363872E-04 
 9.9220000E+01  4.6846722E-01  4.2214930E-04 
 9.9240000E+01  4.6947460E-01  4.3146262E-04 
 9.9260000E+01  4.7048193E-01  4.3093584E-04 
 9.9280000E+01  4.7148920E-01  4.2057334E-04 
 9.9300000E+01  4.7249641E-01  4.0100924E-04 
 9.9320000E+01  4.7350356E-01  3.7350035E-04 
 9.9340000E+01  4.7451066E-01  3.3980715E-04 
 9.9360000E+01  4.7551769E-01  3.0207587E-04 
 9.9380000E+01  4.7652467E-01  2.6272622E-04 
 9.9400000E+01  4.7753160E-01  2.2425582E-04 
 9.9420000E+01  4.7853846E-01  1.8908861E-04 
 9.9440000E+01  4.7954526E-01  1.5943490E-04 
 9.9460000E+01  4.8055201E-01  1.3711582E-04 
 9.9480000E+01  4.8155870E-01  1.2346779E-04 
 9.9500000E+01  4.8256533E-01  1.1926139E-04 
 9.9520000E+01  4.8357190E-01  1.2463025E-04 
 9.9540000E+01  4.8457841E-01  1.3909310E-04 
 9.9560000E+01  4.8558486E-01  1.6157753E-04 
 9.9580000E+01  4.8659126E-01  1.9048035E-04 
 9.9600000E+01  4.8759759E-01  2.2380551E-04 
 9.9620000E+01  4.8860387E-01  2.5927244E-04 
 9.9640000E+01  4.8961008E-01  2.9446438E-04 
 9.9660000E+01  4.9061624E-01  3.2701797E-04 
 9.9680000E+01  4.9162233E-01  3.5474251E-04 
 9.9700000E+01  4.9262837E-01  3.7576838E-04 
 9.9720000E+01  4.9363434E-01  3.8869789E-04 
 9.9740000E+01  4.9464026E-01  3.9265231E-04 
 9.9760000E+01  4.9564611E-01  3.8733837E-04 
 9.9780000E+01  4.9665191E-01  3.7309385E-04 
 9.9800000E+01  4.9765764E-01  3.5081812E-04 
 9.9820000E+01  4.9866332E-01  3.2192561E-04 
 9.9840000E+01  4.9966893E-01  2.8827832E-04 
 9.9860000E+01  5.0067448E-01  2.5202004E-04 
 9.9880000E+01  5.0167998E-01  2.1545135E-04 
 9.9900000E+01  5.0268541E-01  1.8090221E-04 
 9.9920000E+01  5.0369077E-01  1.5054259E-04 
 9.9940000E+01  5.0469608E-01  1.2625884E-04 
 9.9960000E+01  5.0570133E-01  1.0954907E-04 
 9.9980000E+01  5.0670651E-01  1.0139533E-04 
 1.0000000E+02  5.0771163E-01  1.0222161E-04 
 1.0002000E+02  5.0871670E-01  1.1187791E-04 
 1.0004000E+02  5.0972169E-01  1.2962426E-04 
 1.0006000E+02  5.1072663E-01  1.5420602E-04 
 1.0008000E+02  5.1173151E-01  1.8394037E-04 
 1.0010000E+02  5.1273632E-01  2.1679871E-04 
 1.0012000E+02  5.1374107E-01  2.5057083E-04 
 1.0014000E+02  5.1474575E-01  2.8300919E-04 
 1.0016000E+02  5.1575038E-01  3.1194083E-04 
 1.0018000E+02  5.1675494E-01  3.3544337E-04 
 1.0020000E+02  5.1775944E-01  3.5197149E-04 
 1.0022000E+02  5.1876387E-01  3.6041412E-04 
 1.0024000E+02  5.1976825E-01  3.6019897E-04 
 1.0026000E+02  5.2077256E-01  3.5133870E-04 
 1.0028000E+02  5.2177680E-01  3.3438123E-04 
 1.0030000E+02  5.2278098E-01  3.1039935E-04 
 1.0032000E+02  5.2378510E-01  2.8094058E-04 
 1.0034000E+02  5.2478916E-01  2.4787967E-04 
 1.0036000E+02  5.2579315E-01  2.1331229E-04 
 1.0038000E+02  5.2679707E-01  1.7944676E-04 
 1.0040000E+02  5.2780093E-01  1.4842205E-04 
 1.0042000E+02  5.2880473E-01  1.2217591E-04 
 1.0044000E+02  5.2980847E-01  1.0234961E-04 
 1.0046000E+02  5.3081213E-01  9.0152198E-05 
 1.0048000E+02  5.3181574E-01  8.6285070E-05 
 1.0050000E+02  5.3281928E-01  9.0925909E-05 
 1.0052000E+02  5.3382275E-01  1.0369283E-04 
 1.0054000E+02  5.3482616E-01  1.2367055E-04 
 1.0056000E+02  5.3582951E-01  1.4950026E-04 
 1.0058000E+02  5.3683278E-01  1.7944261E-04 
 1.0060000E+02  5.3783600E-01  2.1148619E-04 
 1.0062000E+02  5.3883915E-01  2.4351405E-04 
 1.0064000E+02  5.3984223E-01  2.7341616E-04 
 1.0066000E+02  5.4084524E-01  2.9920702E-04 
 1.0068000E+02  5.4184820E-01  3.1919591E-04 
 1.0070000E+02  5.4285108E-01  3.3208210E-04 
 1.0072000E+02  5.4385390E-01  3.3700083E-04 
 1.0074000E+02  5.4485665E-01  3.3361664E-04 
 1.0076000E+02  5.4585934E-01  3.2215271E-04 
 1.0078000E+02  5.4686196E-01  3.0332757E-04 
 1.0080000E+02  5.4786451E-01  2.7832787E-04 
 1.0082000E+02  5.4886699E-01  2.4876186E-04 
 1.0084000E+02  5.4986941E-01  2.1651357E-04 
 1.0086000E+02  5.5087177E-01  1.8361660E-04 
 1.0088000E+02  5.5187405E-01  1.5216254E-04 
 1.0090000E+02  5.5287627E-01  1.2414401E-04 
 1.0092000E+02  5.5387842E-01  1.0130517E-04 
 1.0094000E+02  5.5488050E-01  8.5064284E-05 
 1.0096000E+02  5.5588252E-01  7.6419382E-05 
 1.0098000E+02  5.5688446E-01  7.5857774E-05 
 1.0100000E+02  5.5788634E-01  8.3350733E-05 
 1.0102000E+02  5.5888816E-01  9.8364924E-05 
 1.0104000E+02  5.5988990E-01  1.1986809E-04 
 1.0106000E+02  5.6089157E-01  1.4641294E-04 
 1.0108000E+02  5.6189318E-01  1.7625248E-04 
 1.0110000E+02  5.6289472E-01  2.0742079E-04 
 1.0112000E+02  5.6389619E-01  2.3785979E-04 
 1.0114000E+02  5.6489759E-01  2.6558859E-04 
 1.0116000E+02  5.6589892E-01  2.8880833E-04 
 1.0118000E+02  5.6690019E-01  3.0598973E-04 
 1.0120000E+02  5.6790138E-01  3.1600933E-04 
 1.0122000E+02  5.6890251E-01  3.1822875E-04 
 1.0124000E+02  5.6990356E-01  3.1248913E-04 
 1.0126000E+02  5.7090455E-01  2.9913271E-04 
 1.0128000E+02  5.7190547E-01  2.7901818E-04 
 1.0130000E+02  5.7290631E-01  2.5343365E-04 
 1.0132000E+02  5.7390709E-01  2.2398872E-04 
 1.0134000E+02  5.7490780E-01  1.9254981E-04 
 1.0136000E+02  5.7590844E-01  1.6112500E-04 
 1.0138000E+02  5.7690900E-01  1.3169660E-04 
 1.0140000E+02  5.7790950E-01  1.0610666E-04 
 1.0142000E+02  5.7890993E-01  8.5967915E-05 
 1.0144000E+02  5.7991028E-01  7.2536513E-05 
 1.0146000E+02  5.8091057E-01  6.6619028E-05 
 1.0148000E+02  5.8191078E-01  6.8551208E-05 
 1.0150000E+02  5.8291093E-01  7.8174232E-05 
 1.0152000E+02  5.8391100E-01  9.4819855E-05 
 1.0154000E+02  5.8491100E-01  1.1737297E-04 
 1.0156000E+02  5.8591093E-01  1.4436147E-04 
 1.0158000E+02  5.8691079E-01  1.7402227E-04 
 1.0160000E+02  5.8791058E-01  2.0441036E-04 
 1.0162000E+02  5.8891029E-01  2.3355807E-04 
 1.0164000E+02  5.8990994E-01  2.5959175E-04 
 1.0166000E+02  5.9090951E-01  2.8081710E-04 
 1.0168000E+02  5.9190901E-01  2.9584873E-04 
 1.0170000E+02  5.9290843E-01  3.0372738E-04 
 1.0172000E+02  5.9390779E-01  3.0394874E-04 
 1.0174000E+02  5.9490707E-01  2.9647255E-04 
 1.0176000E+02  5.9590628E-01  2.8176155E-04 
 1.0178000E+02  5.9690542E-01  2.6076339E-04 
 1.0180000E+02  5.9790449E-01  2.3480980E-04 
 1.0182000E+02  5.9890348E-01  2.0552762E-04 
 1.0184000E+02  5.9990240E-01  1.7477227E-04 
 1.0186000E+02  6.0090125E-01  1.4450355E-04 
 1.0188000E+02  6.0190002E-01  1.1662730E-04 
 1.0190000E+02  6.0289872E-01  9.2886726E-05 
 1.0192000E+02  6.0389735E-01  7.4778055E-05 
 1.0194000E+02  6.0489590E-01  6.3437154E-05 
 1.0196000E+02  6.0589438E-01  5.9549286E-05 
 1.0198000E+02  6.0689278E-01  6.3328602E-05 
 1.0200000E+02  6.0789112E-01  7.4515299E-05 
 1.0202000E+02  6.0888937E-01  9.2367808E-05 
 1.0204000E+02  6.0988756E-01  1.1570909E-04 
 1.0206000E+02  6.1088567E-01  1.4302930E-04 
 1.0208000E+02  6.1188370E-01  1.7257687E-04 
 1.0210000E+02  6.1288166E-01  2.0244241E-04 
 1.0212000E+02  6.1387954E-01  2.3069241E-04 
 1.0214000E+02  6.1487735E-01  2.5552096E-04 
 1.0216000E+02  6.1587509E-01  2.7534790E-04 
 1.0218000E+02  6.1687275E-01  2.8888981E-04 
 1.0220000E+02  6.1787034E-01  2.9526055E-04 
 1.0222000E+02  6.1886785E-01  2.9405622E-04 
 1.0224000E+02  6.1986528E-01  2.8535913E-04 
 1.0226000E+02  6.2086264E-01  2.6970312E-04 
 1.0228000E+02  6.2185992E-01  2.4805989E-04 
 1.0230000E+02  6.2285713E-01  2.2180466E-04 
 1.0232000E+02  6.2385426E-01  1.9260868E-04 
 1.0234000E+02  6.2485132E-01  1.6230686E-04 
 1.0236000E+02  6.2584830E-01  1.3279924E-04 
 1.0238000E+02  6.2684520E-01  1.0595408E-04 
 1.0240000E+02  6.2784203E-01  8.3472762E-05 
 1.0242000E+02  6.2883878E-01  6.6761285E-05 
 1.0244000E+02  6.2983545E-01  5.6857000E-05 
 1.0246000E+02  6.3083205E-01  5.4380763E-05 
 1.0248000E+02  6.3182857E-01  5.9482101E-05 
 1.0250000E+02  6.3282501E-01  7.1814779E-05 
 1.0252000E+02  6.3382138E-01  9.0575818E-05 
 1.0254000E+02  6.3481767E-01  1.1457093E-04 
 1.0256000E+02  6.3581388E-01  1.4227237E-04 
 1.0258000E+02  6.3681001E-01  1.7190124E-04 
 1.0260000E+02  6.3780607E-01  2.0155962E-04 
 1.0262000E+02  6.3880205E-01  2.2936807E-04 
 1.0264000E+02  6.3979795E-01  2.5356541E-04 
 1.0266000E+02  6.4079377E-01  2.7259926E-04 
 1.0268000E+02  6.4178952E-01  2.8524113E-04 
 1.0270000E+02  6.4278518E-01  2.9068868E-04 
 1.0272000E+02  6.4378077E-01  2.8860354E-04 
 1.0274000E+02  6.4477628E-01  2.7910482E-04 
 1.0276000E+02  6.4577171E-01  2.6276787E-04 
 1.0278000E+02  6.4676707E-01  2.4061623E-04 
 1.0280000E+02  6.4776234E-01  2.1405755E-04 
 1.0282000E+02  6.4875754E-01  1.8476786E-04 
 1.0284000E+02  6.4975265E-01  1.5457884E-04 
 1.0286000E+02  6.5074769E-01  1.2538513E-04 
 1.0288000E+02  6.5174265E-01  9.9036312E-05 
 1.0290000E+02  6.5273752E-01  7.7201967E-05 
 1.0292000E+02  6.5373232E-01  6.1252179E-05 
 1.0294000E+02  6.5472704E-01  5.2184456E-05 
 1.0296000E+02  6.5572168E-01  5.0575819E-05 
 1.0298000E+02  6.5671624E-01  5.6536408E-05 
 1.0300000E+02  6.5771072E-01  6.9686393E-05 
 1.0302000E+02  6.5870512E-01  8.9186635E-05 
 1.0304000E+02  6.5969944E-01  1.1380884E-04 
 1.0306000E+02  6.6069367E-01  1.4200967E-04 
 1.0308000E+02  6.6168783E-01  1.7200883E-04 
 1.0310000E+02  6.6268191E-01  2.0189930E-04 
 1.0312000E+02  6.6367591E-01  2.2978710E-04 
 1.0314000E+02  6.6466982E-01  2.5391986E-04 
 1.0316000E+02  6.6566366E-01  2.7277990E-04 
 1.0318000E+02  6.6665741E-01  2.8516319E-04 
 1.0320000E+02  6.6765108E-01  2.9026586E-04 
 1.0322000E+02  6.6864467E-01  2.8775673E-04 
 1.0324000E+02  6.6963818E-01  2.7779766E-04 
 1.0326000E+02  6.7063161E-01  2.6101209E-04 
 1.0328000E+02  6.7162496E-01  2.3843665E-04 
 1.0330000E+02  6.7261822E-01  2.1147254E-04 
 1.0332000E+02  6.7361140E-01  1.8181461E-04 
 1.0334000E+02  6.7460450E-01  1.5133824E-04 
 1.0336000E+02  6.7559752E-01  1.2196309E-04 
 1.0338000E+02  6.7659046E-01  9.5530189E-05 
 1.0340000E+02  6.7758331E-01  7.3701842E-05 
 1.0342000E+02  6.7857608E-01  5.7866175E-05 
 1.0344000E+02  6.7956877E-01  4.9039452E-05 
 1.0346000E+02  6.8056137E-01  4.7788991E-05 
 1.0348000E+02  6.8155390E-01  5.4200752E-05 
 1.0350000E+02  6.8254634E-01  6.7886910E-05 
 1.0352000E+02  6.8353869E-01  8.8011792E-05 
 1.0354000E+02  6.8453096E-01  1.1333115E-04 
 1.0356000E+02  6.8552315E-01  1.4226124E-04 
 1.0358000E+02  6.8651526E-01  1.7298630E-04 
 1.0360000E+02  6.8750728E-01  2.0358570E-04 
 1.0362000E+02  6.8849922E-01  2.3215320E-04 
 1.0364000E+02  6.8949108E-01  2.5690158E-04 
 1.0366000E+02  6.9048285E-01  2.7626636E-04 
 1.0368000E+02  6.9147453E-01  2.8901380E-04 
 1.0370000E+02  6.9246613E-01  2.9433393E-04 
 1.0372000E+02  6.9345765E-01  2.9189270E-04 
 1.0374000E+02  6.9444909E-01  2.8183931E-04 
 1.0376000E+02  6.9544043E-01  2.6478674E-04 
 1.0378000E+02  6.9643170E-01  2.4178043E-04 
 1.0380000E+02  6.9742288E-01  2.1424870E-04 
 1.0382000E+02  6.9841397E-01  1.8391929E-04 
 1.0384000E+02  6.9940498E-01  1.5270193E-04 
 1.0386000E+02  7.0039590E-01  1.2255756E-04 
 1.0388000E+02  7.0138674E-01  9.5376767E-05 
 1.0390000E+02  7.0237750E-01  7.2872682E-05 
 1.0392000E+02  7.0336816E-01  5.6480482E-05 
 1.0394000E+02  7.0435874E-01  4.7261609E-05 
 1.0396000E+02  7.0534924E-01  4.5826323E-05 
 1.0398000E+02  7.0633965E-01  5.2292307E-05 
 1.0400000E+02  7.0732997E-01  6.6284068E-05 
 1.0402000E+02  7.0832021E-01  8.6962738E-05 
 1.0404000E+02  7.0931036E-01  1.1307488E-04 
 1.0406000E+02  7.1030043E-01  1.4302023E-04 
 1.0408000E+02  7.1129041E-01  1.7494561E-04 
 1.0410000E+02  7.1228030E-01  2.0686553E-04 
 1.0412000E+02  7.1327010E-01  2.3679550E-04 
 1.0414000E+02  7.1425982E-01  2.6287866E-04 
 1.0416000E+02  7.1524945E-01  2.8349430E-04 
 1.0418000E+02  7.1623900E-01  2.9734988E-04 
 1.0420000E+02  7.1722845E-01  3.0356119E-04 
 1.0422000E+02  7.1821782E-01  3.0171699E-04 
 1.0424000E+02  7.1920710E-01  2.9191529E-04 
 1.0426000E+02  7.2019630E-01  2.7475953E-04 
 1.0428000E+02  7.2118540E-01  2.5131454E-04 
 1.0430000E+02  7.2217442E-01  2.2303359E-04 
 1.0432000E+02  7.2316335E-01  1.9166915E-04 
 1.0434000E+02  7.2415220E-01  1.5917242E-04 
 1.0436000E+02  7.2514095E-01  1.2758005E-04 
 1.0438000E+02  7.2612962E-01  9.8887967E-05 
 1.0440000E+02  7.2711819E-01  7.4920550E-05 
 1.0442000E+02  7.2810668E-01  5.7210258E-05 
 1.0444000E+02  7.2909508E-01  4.6901163E-05 
 1.0446000E+02  7.3008339E-01  4.4681905E-05 
 1.0448000E+02  7.3107162E-01  5.0746321E-05 
 1.0450000E+02  7.3205975E-01  6.4779082E-05 
 1.0452000E+02  7.3304779E-01  8.5967867E-05 
 1.0454000E+02  7.3403575E-01  1.1304679E-04 
 1.0456000E+02  7.3502361E-01  1.4437336E-04 
 1.0458000E+02  7.3601139E-01  1.7803406E-04 
 1.0460000E+02  7.3699907E-01  2.1196735E-04 
 1.0462000E+02  7.3798667E-01  2.4409151E-04 
 1.0464000E+02  7.3897418E-01  2.7242912E-04 
 1.0466000E+02  7.3996159E-01  2.9522438E-04 
 1.0468000E+02  7.4094892E-01  3.1105108E-04 
 1.0470000E+02  7.4193615E-01  3.1890592E-04 
 1.0472000E+02  7.4292330E-01  3.1827846E-04 
 1.0474000E+02  7.4391035E-01  3.0918855E-04 
 1.0476000E+02  7.4489732E-01  2.9218602E-04 
 1.0478000E+02  7.4588419E-01  2.6831420E-04 
 1.0480000E+02  7.4687097E-01  2.3904337E-04 
 1.0482000E+02  7.4785766E-01  2.0618147E-04 
 1.0484000E+02  7.4884426E-01  1.7176758E-04 
 1.0486000E+02  7.4983077E-01  1.3795161E-04 
 1.0488000E+02  7.5081719E-01  1.0686403E-04 
 1.0490000E+02  7.5180352E-01  8.0482335E-05 
 1.0492000E+02  7.5278975E-01  6.0503886E-05 
 1.0494000E+02  7.5377590E-01  4.8236190E-05 
 1.0496000E+02  7.5476195E-01  4.4513637E-05 
 1.0498000E+02  7.5574791E-01  4.9645837E-05 
 1.0500000E+02  7.5673377E-01  6.3398751E-05 
 1.0502000E+02  7.5771955E-01  8.5007486E-05 
 1.0504000E+02  7.5870523E-01  1.1321918E-04 
 1.0506000E+02  7.5969082E-01  1.4636458E-04 
 1.0508000E+02  7.6067632E-01  1.8245619E-04 
 1.0510000E+02  7.6166172E-01  2.1930893E-04 
 1.0512000E+02  7.6264703E-01  2.5467599E-04 
 1.0514000E+02  7.6363225E-01  2.8639022E-04 
 1.0516000E+02  7.6461738E-01  3.1250033E-04 
 1.0518000E+02  7.6560241E-01  3.3139235E-04 
 1.0520000E+02  7.6658735E-01  3.4188892E-04 
 1.0522000E+02  7.6757220E-01  3.4332181E-04 
 1.0524000E+02  7.6855695E-01  3.3557477E-04 
 1.0526000E+02  7.6954161E-01  3.1909460E-04 
 1.0528000E+02  7.7052617E-01  2.9486959E-04 
 1.0530000E+02  7.7151065E-01  2.6437485E-04 
 1.0532000E+02  7.7249502E-01  2.2948652E-04 
 1.0534000E+02  7.7347931E-01  1.9236894E-04 
 1.0536000E+02  7.7446349E-01  1.5534192E-04 
 1.0538000E+02  7.7544759E-01  1.2073703E-04 
 1.0540000E+02  7.7643159E-01  9.0752733E-05 
 1.0542000E+02  7.7741549E-01  6.7317982E-05 
 1.0544000E+02  7.7839931E-01  5.1972596E-05 
 1.0546000E+02  7.7938302E-01  4.5771141E-05 
 1.0548000E+02  7.8036664E-01  4.9215529E-05 
 1.0550000E+02  7.8135017E-01  6.2220092E-05 
 1.0552000E+02  7.8233360E-01  8.4111472E-05 
 1.0554000E+02  7.8331693E-01  1.1366409E-04 
 1.0556000E+02  7.8430017E-01  1.4916997E-04 
 1.0558000E+02  7.8528332E-01  1.8853951E-04 
 1.0560000E+02  7.8626637E-01  2.2942731E-04 
 1.0562000E+02  7.8724932E-01  2.6937536E-04 
 1.0564000E+02  7.8823218E-01  3.0596437E-04 
 1.0566000E+02  7.8921494E-01  3.3696340E-04 
 1.0568000E+02  7.9019760E-01  3.6046841E-04 
 1.0570000E+02  7.9118017E-01  3.7502115E-04 
 1.0572000E+02  7.9216264E-01  3.7970126E-04 
 1.0574000E+02  7.9314502E-01  3.7418631E-04 
 1.0576000E+02  7.9412730E-01  3.5877618E-04 
 1.0578000E+02  7.9510948E-01  3.3438029E-04 
 1.0580000E+02  7.9609156E-01  3.0246797E-04 
 1.0582000E+02  7.9707355E-01  2.6498459E-04 
 1.0584000E+02  7.9805544E-01  2.2423772E-04 
 1.0586000E+02  7.9903724E-01  1.8275977E-04 
 1.0588000E+02  8.0001893E-01  1.4315523E-04 
 1.0590000E+02  8.0100053E-01  1.0794143E-04 
 1.0592000E+02  8.0198203E-01  7.9392933E-05 
 1.0594000E+02  8.0296344E-01  5.9399168E-05 
 1.0596000E+02  8.0394474E-01  4.9344375E-05 
 1.0598000E+02  8.0492595E-01  5.0017602E-05 
 1.0600000E+02  8.0590706E-01  6.1558539E-05 
 1.0602000E+02  8.0688807E-01  8.3442775E-05 
 1.0604000E+02  8.0786899E-01  1.1450763E-04 
 1.0606000E+02  8.0884980E-01  1.5301720E-04 
 1.0608000E+02  8.0983052E-01  1.9676295E-04 
 1.0610000E+02  8.1081113E-01  2.4319386E-04 
 1.0612000E+02  8.1179165E-01  2.8956871E-04 
 1.0614000E+02  8.1277207E-01  3.3312119E-04 
 1.0616000E+02  8.1375239E-01  3.7122824E-04 
 1.0618000E+02  8.1473262E-01  4.0157140E-04 
 1.0620000E+02  8.1571274E-01  4.2228139E-04 
 1.0622000E+02  8.1669276E-01  4.3205697E-04 
 1.0624000E+02  8.1767269E-01  4.3025077E-04 
 1.0626000E+02  8.1865251E-01  4.1691633E-04 
 1.0628000E+02  8.1963223E-01  3.9281321E-04 
 1.0630000E+02  8.2061186E-01  3.5936928E-04 
 1.0632000E+02  8.2159138E-01  3.1860190E-04 
 1.0634000E+02  8.2257081E-01  2.7300238E-04 
 1.0636000E+02  8.2355013E-01  2.2539014E-04 
 1.0638000E+02  8.2452935E-01  1.7874501E-04 
 1.0640000E+02  8.2550848E-01  1.3602773E-04 
 1.0642000E+02  8.2648750E-01  9.9999216E-05 
 1.0644000E+02  8.2746642E-01  7.3049683E-05 
 1.0646000E+02  8.2844524E-01  5.7048138E-05 
 1.0648000E+02  8.2942396E-01  5.3221679E-05 
 1.0650000E+02  8.3040258E-01  6.2072337E-05 
 1.0652000E+02  8.3138110E-01  8.3337021E-05 
 1.0654000E+02  8.3235952E-01  1.1599354E-04 
 1.0656000E+02  8.3333783E-01  1.5831292E-04 
 1.0658000E+02  8.3431604E-01  2.0795533E-04 
 1.0660000E+02  8.3529416E-01  2.6210442E-04 
 1.0662000E+02  8.3627217E-01  3.1763218E-04 
 1.0664000E+02  8.3725007E-01  3.7128487E-04 
 1.0666000E+02  8.3822788E-01  4.1987890E-04 
 1.0668000E+02  8.3920559E-01  4.6049496E-04 
 1.0670000E+02  8.4018319E-01  4.9065873E-04 
 1.0672000E+02  8.4116069E-01  5.0849713E-04 
 1.0674000E+02  8.4213808E-01  5.1286041E-04 
 1.0676000E+02  8.4311538E-01  5.0340235E-04 
 1.0678000E+02  8.4409257E-01  4.8061323E-04 
 1.0680000E+02  8.4506966E-01  4.4580284E-04 
 1.0682000E+02  8.4604664E-01  4.0103398E-04 
 1.0684000E+02  8.4702353E-01  3.4900948E-04 
 1.0686000E+02  8.4800031E-01  2.9291899E-04 
 1.0688000E+02  8.4897698E-01  2.3625384E-04 
 1.0690000E+02  8.4995356E-01  1.8260068E-04 
 1.0692000E+02  8.5093002E-01  1.3542595E-04 
 1.0694000E+02  8.5190639E-01  9.7863949E-05 
 1.0696000E+02  8.5288265E-01  7.2521397E-05 
 1.0698000E+02  8.5385881E-01  6.1310549E-05 
 1.0700000E+02  8.5483486E-01  6.5321540E-05 
 1.0702000E+02  8.5581081E-01  8.4742308E-05 
 1.0704000E+02  8.5678666E-01  1.1883178E-04 
 1.0706000E+02  8.5776240E-01  1.6594886E-04 
 1.0708000E+02  8.5873804E-01  2.2363628E-04 
 1.0710000E+02  8.5971357E-01  2.8875530E-04 
 1.0712000E+02  8.6068899E-01  3.5766363E-04 
 1.0714000E+02  8.6166432E-01  4.2642684E-04 
 1.0716000E+02  8.6263953E-01  4.9105078E-04 
 1.0718000E+02  8.6361465E-01  5.4772151E-04 
 1.0720000E+02  8.6458965E-01  5.9303854E-04 
 1.0722000E+02  8.6556455E-01  6.2422730E-04 
 1.0724000E+02  8.6653935E-01  6.3931781E-04 
 1.0726000E+02  8.6751404E-01  6.3727854E-04 
 1.0728000E+02  8.6848862E-01  6.1809662E-04 
 1.0730000E+02  8.6946310E-01  5.8279873E-04 
 1.0732000E+02  8.7043748E-01  5.3341032E-04 
 1.0734000E+02  8.7141174E-01  4.7285442E-04 
 1.0736000E+02  8.7238590E-01  4.0479462E-04 
 1.0738000E+02  8.7335996E-01  3.3343065E-04 
 1.0740000E+02  8.7433391E-01  2.6325732E-04 
 1.0742000E+02  8.7530775E-01  1.9880065E-04 
 1.0744000E+02  8.7628148E-01  1.4434624E-04 
 1.0746000E+02  8.7725511E-01  1.0367603E-04 
 1.0748000E+02  8.7822863E-01  7.9829443E-05 
 1.0750000E+02  8.7920205E-01  7.4903748E-05 
 1.0752000E+02  8.8017535E-01  8.9906690E-05 
 1.0754000E+02  8.8114855E-01  1.2467133E-04 
 1.0756000E+02  8.8212165E-01  1.7783967E-04 
 1.0758000E+02  8.8309463E-01  2.4691752E-04 
 1.0760000E+02  8.8406751E-01  3.2839886E-04 
 1.0762000E+02  8.8504028E-01  4.1795358E-04 
 1.0764000E+02  8.8601294E-01  5.1066874E-04 
 1.0766000E+02  8.8698549E-01  6.0133000E-04 
 1.0768000E+02  8.8795794E-01  6.8472721E-04 
 1.0770000E+02  8.8893028E-01  7.5596663E-04 
 1.0772000E+02  8.8990250E-01  8.1077138E-04 
 1.0774000E+02  8.9087463E-01  8.4575229E-04 
 1.0776000E+02  8.9184664E-01  8.5863259E-04 
 1.0778000E+02  8.9281854E-01  8.4841224E-04 
 1.0780000E+02  8.9379034E-01  8.1546095E-04 
 1.0782000E+02  8.9476202E-01  7.6153271E-04 
 1.0784000E+02  8.9573360E-01  6.8969904E-04 
 1.0786000E+02  8.9670507E-01  6.0420247E-04 
 1.0788000E+02  8.9767642E-01  5.1023689E-04 
 1.0790000E+02  8.9864767E-01  4.1366517E-04 
 1.0792000E+02  8.9961881E-01  3.2068901E-04 
 1.0794000E+02  9.0058984E-01  2.3748886E-04 
 1.0796000E+02  9.0156076E-01  1.6985430E-04 
 1.0798000E+02  9.0253157E-01  1.2282644E-04 
 1.0800000E+02  9.0350227E-01  1.0037418E-04 
 1.0802000E+02  9.0447286E-01  1.0512441E-04 
 1.0804000E+02  9.0544334E-01  1.3816430E-04 
 1.0806000E+02  9.0641371E-01  1.9892934E-04 
 1.0808000E+02  9.0738397E-01  2.8518675E-04 
 1.0810000E+02  9.0835412E-01  3.9311772E-04 
 1.0812000E+02  9.0932416E-01  5.1749663E-04 
 1.0814000E+02  9.1029409E-01  6.5195914E-04 
 1.0816000E+02  9.1126390E-01  7.8934580E-04 
 1.0818000E+02  9.1223361E-01  9.2210302E-04 
 1.0820000E+02  9.1320320E-01  1.0427193E-03 
 1.0822000E+02  9.1417269E-01  1.1441727E-03 
 1.0824000E+02  9.1514206E-01  1.2203630E-03 
 1.0826000E+02  9.1611132E-01  1.2665049E-03 
 1.0828000E+02  9.1708047E-01  1.2794566E-03 
 1.0830000E+02  9.1804950E-01  1.2579647E-03 
 1.0832000E+02  9.1901843E-01  1.2028075E-03 
 1.0834000E+02  9.1998724E-01  1.1168257E-03 
 1.0836000E+02  9.2095594E-01  1.0048350E-03 
 1.0838000E+02  9.2192453E-01  8.7342004E-04 
 1.0840000E+02  9.2289301E-01  7.3061800E-04 
 1.0842000E+02  9.2386137E-01  5.8550416E-04 
 1.0844000E+02  9.2482962E-01  4.4770037E-04 
 1.0846000E+02  9.2579776E-01  3.2683064E-04 
 1.0848000E+02  9.2676578E-01  2.3195345E-04 
 1.0850000E+02  9.2773370E-01  1.7100289E-04 
 1.0852000E+02  9.2870150E-01  1.5027168E-04 
 1.0854000E+02  9.2966918E-01  1.7396843E-04 
 1.0856000E+02  9.3063676E-01  2.4387837E-04 
 1.0858000E+02  9.3160422E-01  3.5915225E-04 
 1.0860000E+02  9.3257156E-01  5.1624123E-04 
 1.0862000E+02  9.3353880E-01  7.0898782E-04 
 1.0864000E+02  9.3450591E-01  9.2887393E-04 
 1.0866000E+02  9.3547292E-01  1.1654180E-03 
 1.0868000E+02  9.3643981E-01  1.4067036E-03 
 1.0870000E+02  9.3740659E-01  1.6400146E-03 
 1.0872000E+02  9.3837325E-01  1.8525442E-03 
 1.0874000E+02  9.3933980E-01  2.0321399E-03 
 1.0876000E+02  9.4030623E-01  2.1680446E-03 
 1.0878000E+02  9.4127255E-01  2.2515936E-03 
 1.0880000E+02  9.4223876E-01  2.2768250E-03 
 1.0882000E+02  9.4320485E-01  2.2409711E-03 
 1.0884000E+02  9.4417082E-01  2.1447967E-03 
 1.0886000E+02  9.4513668E-01  1.9927612E-03 
 1.0888000E+02  9.4610243E-01  1.7929855E-03 
 1.0890000E+02  9.4706806E-01  1.5570158E-03 
 1.0892000E+02  9.4803357E-01  1.2993810E-03 
 1.0894000E+02  9.4899897E-01  1.0369559E-03 
 1.0896000E+02  9.4996425E-01  7.8814889E-04 
 1.0898000E+02  9.5092942E-01  5.7194607E-04 
 1.0900000E+02  9.5189447E-01  4.0685775E-04 
 1.0902000E+02  9.5285940E-01  3.0981929E-04 
 1.0904000E+02  9.5382422E-01  2.9510891E-04 
 1.0906000E+02  9.5478893E-01  3.7334660E-04 
 1.0908000E+02  9.5575351E-01  5.5063751E-04 
 1.0910000E+02  9.5671798E-01  8.2791718E-04 
 1.0912000E+02  9.5768234E-01  1.2005473E-03 
 1.0914000E+02  9.5864657E-01  1.6581983E-03 
 1.0916000E+02  9.5961069E-01  2.1850439E-03 
 1.0918000E+02  9.6057470E-01  2.7602746E-03 
 1.0920000E+02  9.6153858E-01  3.3589248E-03 
 1.0922000E+02  9.6250235E-01  3.9529850E-03 
 1.0924000E+02  9.6346600E-01  4.5127575E-03 
 1.0926000E+02  9.6442954E-01  5.0083942E-03 
 1.0928000E+02  9.6539296E-01  5.4115476E-03 
 1.0930000E+02  9.6635626E-01  5.6970628E-03 
 1.0932000E+02  9.6731944E-01  5.8446428E-03 
 1.0934000E+02  9.6828250E-01  5.8404237E-03 
 1.0936000E+02  9.6924545E-01  5.6784036E-03 
 1.0938000E+02  9.7020827E-01  5.3616625E-03 
 1.0940000E+02  9.7117098E-01  4.9033102E-03 
 1.0942000E+02  9.7213357E-01  4.3270879E-03 
 1.0944000E+02  9.7309605E-01  3.6675550E-03 
 1.0946000E+02  9.7405840E-01  2.9698019E-03 
 1.0948000E+02  9.7502064E-01  2.2886493E-03 
 1.0950000E+02  9.7598275E-01  1.6873183E-03 
 1.0952000E+02  9.7694475E-01  1.2355710E-03 
 1.0954000E+02  9.7790663E-01  1.0073399E-03 
 1.0956000E+02  9.7886839E-01  1.0778865E-03 
 1.0958000E+02  9.7983003E-01  1.5205704E-03 
 1.0960000E+02  9.8079155E-01  2.4033637E-03 
 1.0962000E+02  9.8175295E-01  3.7853048E-03 
 1.0964000E+02  9.8271423E-01  5.7131233E-03 
 1.0966000E+02  9.8367539E-01  8.2182661E-03 
 1.0968000E+02  9.8463643E-01  1.1314525E-02 
 1.0970000E+02  9.8559736E-01  1.4996416E-02 
 1.0972000E+02  9.8655816E-01  1.9238436E-02 
 1.0974000E+02  9.8751884E-01  2.3995271E-02 
 1.0976000E+02  9.8847940E-01  2.9203010E-02 
 1.0978000E+02  9.8943984E-01  3.4781309E-02 
 1.0980000E+02  9.9040016E-01  4.0636318E-02 
 1.0982000E+02  9.9136036E-01  4.6664095E-02 
 1.0984000E+02  9.9232044E-01  5.2754183E-02 
 1.0986000E+02  9.9328040E-01  5.8793131E-02 
 1.0988000E+02  9.9424024E-01  6.4667837E-02 
 1.0990000E+02  9.9519995E-01  7.0268694E-02 
 1.0992000E+02  9.9615955E-01  7.5492469E-02 
 1.0994000E+02  9.9711902E-01  8.0244741E-02 
 1.0996000E+02  9.9807837E-01  8.4441741E-02 
 1.0998000E+02  9.9903760E-01  8.8011501E-02 
 1.1000000E+02  9.9999671E-01  9.0894483E-02 
 1.1002000E+02  1.0009557E+00  9.3043965E-02 
 1.1004000E+02  1.0019146E+00  9.4426404E-02 
 1.1006000E+02  1.0028733E+00  9.5021773E-02 
 1.1008000E+02  1.0038319E+00  9.4823670E-02 
 1.1010000E+02  1.0047904E+00  9.3839046E-02 
 1.1012000E+02  1.0057488E+00  9.2087648E-02 
 1.1014000E+02  1.0067070E+00  8.9601465E-02 
 1.1016000E+02  1.0076652E+00  8.6424416E-02 
 1.1018000E+02  1.0086232E+00  8.2612186E-02 
 1.1020000E+02  1.0095811E+00  7.8231817E-02 
 1.1022000E+02  1.0105388E+00  7.3360743E-02 
 1.1024000E+02  1.0114965E+00  6.8085312E-02 
 1.1026000E+02  1.0124540E+00  6.2499107E-02 
 1.1028000E+02  1.0134114E+00  5.6701310E-02 
 1.1030000E+02  1.0143686E+00  5.0794934E-02 
 1.1032000E+02  1.0153258E+00  4.4884553E-02 
 1.1034000E+02  1.0162828E+00  3.9073359E-02 
 1.1036000E+02  1.0172397E+00  3.3459851E-02 
 1.1038000E+02  1.0181965E+00  2.8134724E-02 
 1.1040000E+02  1.0191531E+00  2.3178213E-02 
 1.1042000E+02  1.0201097E+00  1.8657793E-02 
 1.1044000E+02  1.0210661E+00  1.4626048E-02 
 1.1046000E+02  1.0220223E+00  1.1118902E-02 
 1.1048000E+02  1.0229785E+00  8.1546483E-03 
 1.1050000E+02  1.0239345E+00  5.7340626E-03 
 1.1052000E+02  1.0248904E+00  3.8414595E-03 
 1.1054000E+02  1.0258462E+00  2.4463385E-03 
 1.1056000E+02  1.0268018E+00  1.5054717E-03 
 1.1058000E+02  1.0277574E+00  9.6546821E-04 
 1.1060000E+02  1.0287128E+00  7.6574918E-04 
 1.1062000E+02  1.0296681E+00  8.4164621E-04 
 1.1064000E+02  1.0306232E+00  1.1273346E-03 
 1.1066000E+02  1.0315782E+00  1.5585160E-03 
 1.1068000E+02  1.0325331E+00  2.0748315E-03 
 1.1070000E+02  1.0334879E+00  2.6218543E-03 
 1.1072000E+02  1.0344426E+00  3.1524902E-03 
 1.1074000E+02  1.0353971E+00  3.6278537E-03 
 1.1076000E+02  1.0363515E+00  4.0178462E-03 
 1.1078000E+02  1.0373057E+00  4.3014639E-03 
 1.1080000E+02  1.0382599E+00  4.4666078E-03 
 1.1082000E+02  1.0392139E+00  4.5093251E-03 
 1.1084000E+02  1.0401678E+00  4.4328064E-03 
 1.1086000E+02  1.0411216E+00  4.2464694E-03 
 1.1088000E+02  1.0420752E+00  3.9650160E-03 
 1.1090000E+02  1.0430287E+00  3.6071415E-03 
 1.1092000E+02  1.0439821E+00  3.1939666E-03 
 1.1094000E+02  1.0449353E+00  2.7476396E-03 
 1.1096000E+02  1.0458885E+00  2.2903002E-03 
 1.1098000E+02  1.0468415E+00  1.8431174E-03 
 1.1100000E+02  1.0477943E+00  1.4251865E-03 
 1.1102000E+02  1.0487471E+00  1.0525415E-03 
 1.1104000E+02  1.0496997E+00  7.3760517E-04 
 1.1106000E+02  1.0506522E+00  4.8897790E-04 
 1.1108000E+02  1.0516046E+00  3.1130212E-04 
 1.1110000E+02  1.0525568E+00  2.0522783E-04 
 1.1112000E+02  1.0535089E+00  1.6766183E-04 
 1.1114000E+02  1.0544609E+00  1.9225908E-04 
 1.1116000E+02  1.0554127E+00  2.6999993E-04 
 1.1118000E+02  1.0563644E+00  3.8986085E-04 
 1.1120000E+02  1.0573160E+00  5.3959292E-04 
 1.1122000E+02  1.0582675E+00  7.0644224E-04 
 1.1124000E+02  1.0592188E+00  8.7774847E-04 
 1.1126000E+02  1.0601700E+00  1.0416078E-03 
 1.1128000E+02  1.0611211E+00  1.1875965E-03 
 1.1130000E+02  1.0620721E+00  1.3072146E-03 
 1.1132000E+02  1.0630229E+00  1.3939833E-03 
 1.1134000E+02  1.0639736E+00  1.4436010E-03 
 1.1136000E+02  1.0649241E+00  1.4542461E-03 
 1.1138000E+02  1.0658745E+00  1.4265581E-03 
 1.1140000E+02  1.0668248E+00  1.3631807E-03 
 1.1142000E+02  1.0677750E+00  1.2684090E-03 
 1.1144000E+02  1.0687250E+00  1.1481081E-03 
 1.1146000E+02  1.0696749E+00  1.0093820E-03 
 1.1148000E+02  1.0706247E+00  8.5986715E-04 
 1.1150000E+02  1.0715744E+00  7.0721474E-04 
 1.1152000E+02  1.0725239E+00  5.5890631E-04 
 1.1154000E+02  1.0734733E+00  4.2191784E-04 
 1.1156000E+02  1.0744225E+00  3.0217656E-04 
 1.1158000E+02  1.0753717E+00  2.0426719E-04 
 1.1160000E+02  1.0763206E+00  1.3140760E-04 
 1.1162000E+02  1.0772695E+00  8.5359201E-05 
 1.1164000E+02  1.0782182E+00  6.6322106E-05 
 1.1166000E+02  1.0791668E+00  7.3014794E-05 
 1.1168000E+02  1.0801153E+00  1.0284593E-04 
 1.1170000E+02  1.0810636E+00  1.5212681E-04 
 1.1172000E+02  1.0820118E+00  2.1637799E-04 
 1.1174000E+02  1.0829599E+00  2.9058230E-04 
 1.1176000E+02  1.0839079E+00  3.6938222E-04 
 1.1178000E+02  1.0848557E+00  4.4747942E-04 
 1.1180000E+02  1.0858033E+00  5.2004842E-04 
 1.1182000E+02  1.0867509E+00  5.8280236E-04 
 1.1184000E+02  1.0876983E+00  6.3208114E-04 
 1.1186000E+02  1.0886456E+00  6.6526421E-04 
 1.1188000E+02  1.0895927E+00  6.8090792E-04 
 1.1190000E+02  1.0905397E+00  6.7846326E-04 
 1.1192000E+02  1.0914866E+00  6.5831614E-04 
 1.1194000E+02  1.0924334E+00  6.2201829E-04 
 1.1196000E+02  1.0933800E+00  5.7197191E-04 
 1.1198000E+02  1.0943265E+00  5.1102774E-04 
 1.1200000E+02  1.0952728E+00  4.4257358E-04 
 1.1202000E+02  1.0962190E+00  3.7043264E-04 
 1.1204000E+02  1.0971651E+00  2.9834631E-04 
 1.1206000E+02  1.0981110E+00  2.2980319E-04 
 1.1208000E+02  1.0990569E+00  1.6809332E-04 
 1.1210000E+02  1.1000025E+00  1.1601180E-04 
 1.1212000E+02  1.1009481E+00  7.5603322E-05 
 1.1214000E+02  1.1018935E+00  4.8223318E-05 
 1.1216000E+02  1.1028388E+00  3.4517470E-05 
 1.1218000E+02  1.1037839E+00  3.4335892E-05 
 1.1220000E+02  1.1047289E+00  4.6781169E-05 
 1.1222000E+02  1.1056738E+00  7.0298721E-05 
 1.1224000E+02  1.1066185E+00  1.0283742E-04 
 1.1226000E+02  1.1075631E+00  1.4197534E-04 
 1.1228000E+02  1.1085076E+00  1.8494608E-04 
 1.1230000E+02  1.1094519E+00  2.2891055E-04 
 1.1232000E+02  1.1103961E+00  2.7122498E-04 
 1.1234000E+02  1.1113402E+00  3.0933862E-04 
 1.1236000E+02  1.1122841E+00  3.4097076E-04 
 1.1238000E+02  1.1132279E+00  3.6448779E-04 
 1.1240000E+02  1.1141716E+00  3.7870571E-04 
 1.1242000E+02  1.1151151E+00  3.8284176E-04 
 1.1244000E+02  1.1160585E+00  3.7690464E-04 
 1.1246000E+02  1.1170017E+00  3.6146959E-04 
 1.1248000E+02  1.1179448E+00  3.3740319E-04 
 1.1250000E+02  1.1188878E+00  3.0618150E-04 
 1.1252000E+02  1.1198307E+00  2.6969476E-04 
 1.1254000E+02  1.1207734E+00  2.2984406E-04 
 1.1256000E+02  1.1217159E+00  1.8875633E-04 
 1.1258000E+02  1.1226584E+00  1.4865256E-04 
 1.1260000E+02  1.1236007E+00  1.1145325E-04 
 1.1262000E+02  1.1245428E+00  7.8908064E-05 
 1.1264000E+02  1.1254848E+00  5.2541256E-05 
 1.1266000E+02  1.1264267E+00  3.3385324E-05 
 1.1268000E+02  1.1273685E+00  2.2055324E-05 
 1.1270000E+02  1.1283101E+00  1.8770760E-05 
 1.1272000E+02  1.1292515E+00  2.3283280E-05 
 1.1274000E+02  1.1301929E+00  3.4901800E-05 
 1.1276000E+02  1.1311341E+00  5.2581855E-05 
 1.1278000E+02  1.1320751E+00  7.5045553E-05 
 1.1280000E+02  1.1330160E+00  1.0072752E-04 
 1.1282000E+02  1.1339568E+00  1.2792490E-04 
 1.1284000E+02  1.1348975E+00  1.5504347E-04 
 1.1286000E+02  1.1358380E+00  1.8041883E-04 
 1.1288000E+02  1.1367783E+00  2.0253181E-04 
 1.1290000E+02  1.1377186E+00  2.2026760E-04 
 1.1292000E+02  1.1386587E+00  2.3259426E-04 
 1.1294000E+02  1.1395986E+00  2.3885539E-04 
 1.1296000E+02  1.1405384E+00  2.3891329E-04 
 1.1298000E+02  1.1414781E+00  2.3273531E-04 
 1.1300000E+02  1.1424176E+00  2.2075584E-04 
 1.1302000E+02  1.1433570E+00  2.0380940E-04 
 1.1304000E+02  1.1442963E+00  1.8274577E-04 
 1.1306000E+02  1.1452354E+00  1.5880280E-04 
 1.1308000E+02  1.1461744E+00  1.3333061E-04 
 1.1310000E+02  1.1471132E+00  1.0756668E-04 
 1.1312000E+02  1.1480519E+00  8.2917854E-05 
 1.1314000E+02  1.1489905E+00  6.0602020E-05 
 1.1316000E+02  1.1499289E+00  4.1622411E-05 
 1.1318000E+02  1.1508672E+00  2.6892350E-05 
 1.1320000E+02  1.1518053E+00  1.6980661E-05 
 1.1322000E+02  1.1527433E+00  1.2181400E-05 
 1.1324000E+02  1.1536812E+00  1.2549181E-05 
 1.1326000E+02  1.1546189E+00  1.7828567E-05 
 1.1328000E+02  1.1555564E+00  2.7476611E-05 
 1.1330000E+02  1.1564939E+00  4.0785612E-05 
 1.1332000E+02  1.1574312E+00  5.6854554E-05 
 1.1334000E+02  1.1583683E+00  7.4588934E-05 
 1.1336000E+02  1.1593053E+00  9.2972066E-05 
 1.1338000E+02  1.1602422E+00  1.1086485E-04 
 1.1340000E+02  1.1611789E+00  1.2720029E-04 
 1.1342000E+02  1.1621155E+00  1.4115591E-04 
 1.1344000E+02  1.1630520E+00  1.5184824E-04 
 1.1346000E+02  1.1639883E+00  1.5879072E-04 
 1.1348000E+02  1.1649244E+00  1.6165125E-04 
 1.1350000E+02  1.1658604E+00  1.6022507E-04 
 1.1352000E+02  1.1667963E+00  1.5477774E-04 
 1.1354000E+02  1.1677321E+00  1.4553987E-04 
 1.1356000E+02  1.1686677E+00  1.3309605E-04 
 1.1358000E+02  1.1696031E+00  1.1819532E-04 
 1.1360000E+02  1.1705384E+00  1.0155219E-04 
 1.1362000E+02  1.1714736E+00  8.4176419E-05 
 1.1364000E+02  1.1724086E+00  6.6900341E-05 
 1.1366000E+02  1.1733435E+00  5.0623718E-05 
 1.1368000E+02  1.1742782E+00  3.6191592E-05 
 1.1370000E+02  1.1752128E+00  2.4224182E-05 
 1.1372000E+02  1.1761473E+00  1.5314993E-05 
 1.1374000E+02  1.1770816E+00  9.7929787E-06 
 1.1376000E+02  1.1780157E+00  7.8151039E-06 
 1.1378000E+02  1.1789498E+00  9.3749906E-06 
 1.1380000E+02  1.1798836E+00  1.4230530E-05 
 1.1382000E+02  1.1808174E+00  2.1980844E-05 
 1.1384000E+02  1.1817510E+00  3.2122707E-05 
 1.1386000E+02  1.1826844E+00  4.3940832E-05 
 1.1388000E+02  1.1836177E+00  5.6761640E-05 
 1.1390000E+02  1.1845509E+00  6.9791082E-05 
 1.1392000E+02  1.1854839E+00  8.2254120E-05 
 1.1394000E+02  1.1864167E+00  9.3512038E-05 
 1.1396000E+02  1.1873495E+00  1.0283509E-04 
 1.1398000E+02  1.1882820E+00  1.0984010E-04 
 1.1400000E+02  1.1892145E+00  1.1405899E-04 
 1.1402000E+02  1.1901468E+00  1.1535000E-04 
 1.1404000E+02  1.1910789E+00  1.1366725E-04 
 1.1406000E+02  1.1920109E+00  1.0908142E-04 
 1.1408000E+02  1.1929428E+00  1.0196734E-04 
 1.1410000E+02  1.1938745E+00  9.2610694E-05 
 1.1412000E+02  1.1948060E+00  8.1654769E-05 
 1.1414000E+02  1.1957374E+00  6.9593418E-05 
 1.1416000E+02  1.1966687E+00  5.7133851E-05 
 1.1418000E+02  1.1975998E+00  4.4901984E-05 
 1.1420000E+02  1.1985308E+00  3.3505551E-05 
 1.1422000E+02  1.1994617E+00  2.3551266E-05 
 1.1424000E+02  1.2003923E+00  1.5457082E-05 
 1.1426000E+02  1.2013229E+00  9.6405526E-06 
 1.1428000E+02  1.2022533E+00  6.2940247E-06 
 1.1430000E+02  1.2031835E+00  5.5311828E-06 
 1.1432000E+02  1.2041136E+00  7.3100205E-06 
 1.1434000E+02  1.2050436E+00  1.1424248E-05 
 1.1436000E+02  1.2059734E+00  1.7607496E-05 
 1.1438000E+02  1.2069031E+00  2.5411822E-05 
 1.1440000E+02  1.2078326E+00  3.4384431E-05 
 1.1442000E+02  1.2087619E+00  4.3970589E-05 
 1.1444000E+02  1.2096912E+00  5.3605889E-05 
 1.1446000E+02  1.2106202E+00  6.2773558E-05 
 1.1448000E+02  1.2115492E+00  7.0903317E-05 
 1.1450000E+02  1.2124779E+00  7.7634168E-05 
 1.1452000E+02  1.2134066E+00  8.2504149E-05 
 1.1454000E+02  1.2143350E+00  8.5378561E-05 
 1.1456000E+02  1.2152634E+00  8.5996515E-05 
 1.1458000E+02  1.2161916E+00  8.4467087E-05 
 1.1460000E+02  1.2171196E+00  8.0776726E-05 
 1.1462000E+02  1.2180475E+00  7.5246991E-05 
 1.1464000E+02  1.2189752E+00  6.8099961E-05 
 1.1466000E+02  1.2199028E+00  5.9800250E-05 
 1.1468000E+02  1.2208303E+00  5.0740565E-05 
 1.1470000E+02  1.2217576E+00  4.1435898E-05 
 1.1472000E+02  1.2226847E+00  3.2349208E-05 
 1.1474000E+02  1.2236117E+00  2.3947509E-05 
 1.1476000E+02  1.2245386E+00  1.6653410E-05 
 1.1478000E+02  1.2254653E+00  1.0800039E-05 
 1.1480000E+02  1.2263918E+00  6.6744271E-06 
 1.1482000E+02  1.2273182E+00  4.4181642E-06 
 1.1484000E+02  1.2282445E+00  4.1230795E-06 
 1.1486000E+02  1.2291706E+00  5.7202699E-06 
 1.1488000E+02  1.2300965E+00  9.0933426E-06 
 1.1490000E+02  1.2310223E+00  1.3985395E-05 
 1.1492000E+02  1.2319480E+00  2.0105688E-05 
 1.1494000E+02  1.2328735E+00  2.7067572E-05 
 1.1496000E+02  1.2337988E+00  3.4477129E-05 
 1.1498000E+02  1.2347240E+00  4.1898990E-05 
 1.1500000E+02  1.2356491E+00  4.8927711E-05 
 1.1502000E+02  1.2365740E+00  5.5165598E-05 
 1.1504000E+02  1.2374987E+00  6.0287648E-05 
 1.1506000E+02  1.2384233E+00  6.4007635E-05 
 1.1508000E+02  1.2393478E+00  6.6153961E-05 
 1.1510000E+02  1.2402721E+00  6.6598493E-05 
 1.1512000E+02  1.2411962E+00  6.5362248E-05 
 1.1514000E+02  1.2421202E+00  6.2486555E-05 
 1.1516000E+02  1.2430440E+00  5.8182996E-05 
 1.1518000E+02  1.2439677E+00  5.2638370E-05 
 1.1520000E+02  1.2448913E+00  4.6212490E-05 
 1.1522000E+02  1.2458147E+00  3.9185656E-05 
 1.1524000E+02  1.2467379E+00  3.1992585E-05 
 1.1526000E+02  1.2476610E+00  2.4939659E-05 
 1.1528000E+02  1.2485839E+00  1.8448196E-05 
 1.1530000E+02  1.2495067E+00  1.2782024E-05 
 1.1532000E+02  1.2504293E+00  8.2656430E-06 
 1.1534000E+02  1.2513518E+00  5.0628898E-06 
 1.1536000E+02  1.2522741E+00  3.3426070E-06 
 1.1538000E+02  1.2531963E+00  3.1307847E-06 
 1.1540000E+02  1.2541183E+00  4.4209411E-06 
 1.1542000E+02  1.2550402E+00  7.0872200E-06 
 1.1544000E+02  1.2559619E+00  1.0971858E-05 
 1.1546000E+02  1.2568834E+00  1.5808905E-05 
 1.1548000E+02  1.2578048E+00  2.1348472E-05 
 1.1550000E+02  1.2587261E+00  2.7223253E-05 
 1.1552000E+02  1.2596472E+00  3.3165041E-05 
 1.1554000E+02  1.2605681E+00  3.8770625E-05 
 1.1556000E+02  1.2614889E+00  4.3816927E-05 
 1.1558000E+02  1.2624096E+00  4.7950577E-05 
 1.1560000E+02  1.2633301E+00  5.1028947E-05 
 1.1562000E+02  1.2642504E+00  5.2836375E-05 
 1.1564000E+02  1.2651706E+00  5.3317199E-05 
 1.1566000E+02  1.2660906E+00  5.2453723E-05 
 1.1568000E+02  1.2670105E+00  5.0270707E-05 
 1.1570000E+02  1.2679302E+00  4.6951739E-05 
 1.1572000E+02  1.2688497E+00  4.2599975E-05 
 1.1574000E+02  1.2697691E+00  3.7538370E-05 
 1.1576000E+02  1.2706884E+00  3.1951150E-05 
 1.1578000E+02  1.2716075E+00  2.6199540E-05 
 1.1580000E+02  1.2725264E+00  2.0534693E-05 
 1.1582000E+02  1.2734452E+00  1.5263915E-05 
 1.1584000E+02  1.2743638E+00  1.0653359E-05 
 1.1586000E+02  1.2752823E+00  6.9072336E-06 
 1.1588000E+02  1.2762006E+00  4.2281595E-06 
 1.1590000E+02  1.2771188E+00  2.7041852E-06 
 1.1592000E+02  1.2780368E+00  2.4144531E-06 
 1.1594000E+02  1.2789546E+00  3.3237056E-06 
 1.1596000E+02  1.2798723E+00  5.3816896E-06 
 1.1598000E+02  1.2807899E+00  8.4245150E-06 
 1.1600000E+02  1.2817073E+00  1.2302987E-05 
 1.1602000E+02  1.2826245E+00  1.6757093E-05 
 1.1604000E+02  1.2835416E+00  2.1559056E-05 
 1.1606000E+02  1.2844585E+00  2.6440032E-05 
 1.1608000E+02  1.2853752E+00  3.1104972E-05 
 1.1610000E+02  1.2862918E+00  3.5359466E-05 
 1.1612000E+02  1.2872083E+00  3.8903508E-05 
 1.1614000E+02  1.2881246E+00  4.1619736E-05 
 1.1616000E+02  1.2890407E+00  4.3329164E-05 
 1.1618000E+02  1.2899567E+00  4.3942016E-05 
 1.1620000E+02  1.2908725E+00  4.3482886E-05 
 1.1622000E+02  1.2917882E+00  4.1904346E-05 
 1.1624000E+02  1.2927037E+00  3.9373729E-05 
 1.1626000E+02  1.2936190E+00  3.5980607E-05 
 1.1628000E+02  1.2945342E+00  3.1909426E-05 
 1.1630000E+02  1.2954492E+00  2.7415353E-05 
 1.1632000E+02  1.2963641E+00  2.2669379E-05 
 1.1634000E+02  1.2972788E+00  1.7974446E-05 
 1.1636000E+02  1.2981934E+00  1.3536884E-05 
 1.1638000E+02  1.2991078E+00  9.5777869E-06 
 1.1640000E+02  1.3000220E+00  6.3167533E-06 
 1.1642000E+02  1.3009361E+00  3.8750752E-06 
 1.1644000E+02  1.3018500E+00  2.3917325E-06 
 1.1646000E+02  1.3027638E+00  1.9074857E-06 
 1.1648000E+02  1.3036774E+00  2.4371904E-06 
 1.1650000E+02  1.3045908E+00  3.9326771E-06 
 1.1652000E+02  1.3055041E+00  6.2880177E-06 
 1.1654000E+02  1.3064173E+00  9.3858716E-06 
 1.1656000E+02  1.3073302E+00  1.3014695E-05 
 1.1658000E+02  1.3082430E+00  1.7002648E-05 
 1.1660000E+02  1.3091557E+00  2.1123689E-05 
 1.1662000E+02  1.3100682E+00  2.5126352E-05 
 1.1664000E+02  1.3109805E+00  2.8850192E-05 
 1.1666000E+02  1.3118927E+00  3.2051217E-05 
 1.1668000E+02  1.3128047E+00  3.4569862E-05 
 1.1670000E+02  1.3137165E+00  3.6318333E-05 
 1.1672000E+02  1.3146282E+00  3.7143921E-05 
 1.1674000E+02  1.3155398E+00  3.7051218E-05 
 1.1676000E+02  1.3164511E+00  3.6060308E-05 
 1.1678000E+02  1.3173623E+00  3.4171884E-05 
 1.1680000E+02  1.3182734E+00  3.1547374E-05 
 1.1682000E+02  1.3191843E+00  2.8308160E-05 
 1.1684000E+02  1.3200950E+00  2.4591753E-05 
 1.1686000E+02  1.3210056E+00  2.0644888E-05 
 1.1688000E+02  1.3219160E+00  1.6638105E-05 
 1.1690000E+02  1.3228262E+00  1.2765450E-05 
 1.1692000E+02  1.3237363E+00  9.2577253E-06 
 1.1694000E+02  1.3246462E+00  6.2570275E-06 
 1.1696000E+02  1.3255560E+00  3.9147041E-06 
 1.1698000E+02  1.3264656E+00  2.3555483E-06 
 1.1700000E+02  1.3273751E+00  1.6262212E-06 
 1.1702000E+02  1.3282843E+00  1.7656638E-06 
 1.1704000E+02  1.3291934E+00  2.7481662E-06 
 1.1706000E+02  1.3301024E+00  4.5008756E-06 
 1.1708000E+02  1.3310112E+00  6.9405418E-06 
 1.1710000E+02  1.3319198E+00  9.9078192E-06 
 1.1712000E+02  1.3328283E+00  1.3240365E-05 
 1.1714000E+02  1.3337366E+00  1.6783949E-05 
 1.1716000E+02  1.3346447E+00  2.0314968E-05 
 1.1718000E+02  1.3355527E+00  2.3650484E-05 
 1.1720000E+02  1.3364605E+00  2.6650772E-05 
 1.1722000E+02  1.3373682E+00  2.9120321E-05 
 1.1724000E+02  1.3382757E+00  3.0930369E-05 
 1.1726000E+02  1.3391830E+00  3.2033725E-05 
 1.1728000E+02  1.3400902E+00  3.2340375E-05 
 1.1730000E+02  1.3409972E+00  3.1822811E-05 
 1.1732000E+02  1.3419040E+00  3.0559346E-05 
 1.1734000E+02  1.3428107E+00  2.8596456E-05 
 1.1736000E+02  1.3437172E+00  2.6009171E-05 
 1.1738000E+02  1.3446235E+00  2.2973849E-05 
 1.1740000E+02  1.3455297E+00  1.9644809E-05 
 1.1742000E+02  1.3464357E+00  1.6158369E-05 
 1.1744000E+02  1.3473416E+00  1.2716452E-05 
 1.1746000E+02  1.3482473E+00  9.5043546E-06 
 1.1748000E+02  1.3491528E+00  6.6542953E-06 
 1.1750000E+02  1.3500582E+00  4.3142591E-06 
 1.1752000E+02  1.3509634E+00  2.6111470E-06 
 1.1754000E+02  1.3518684E+00  1.6070903E-06 
 1.1756000E+02  1.3527733E+00  1.3460235E-06 
 1.1758000E+02  1.3536780E+00  1.8418732E-06 
 1.1760000E+02  1.3545825E+00  3.0460078E-06 
 1.1762000E+02  1.3554869E+00  4.8896832E-06 
 1.1764000E+02  1.3563911E+00  7.2832661E-06 
 1.1766000E+02  1.3572952E+00  1.0079647E-05 
 1.1768000E+02  1.3581990E+00  1.3122365E-05 
 1.1770000E+02  1.3591027E+00  1.6274446E-05 
 1.1772000E+02  1.3600063E+00  1.9364172E-05 
 1.1774000E+02  1.3609097E+00  2.2204549E-05 
 1.1776000E+02  1.3618129E+00  2.4666908E-05 
 1.1778000E+02  1.3627159E+00  2.6646803E-05 
 1.1780000E+02  1.3636188E+00  2.8016876E-05 
 1.1782000E+02  1.3645215E+00  2.8694736E-05 
 1.1784000E+02  1.3654241E+00  2.8679738E-05 
 1.1786000E+02  1.3663265E+00  2.7981200E-05 
 1.1788000E+02  1.3672287E+00  2.6605348E-05 
 1.1790000E+02  1.3681307E+00  2.4626113E-05 
 1.1792000E+02  1.3690326E+00  2.2176006E-05 
 1.1794000E+02  1.3699344E+00  1.9374809E-05 
 1.1796000E+02  1.3708359E+00  1.6340398E-05 
 1.1798000E+02  1.3717373E+00  1.3235830E-05 
 1.1800000E+02  1.3726385E+00  1.0237114E-05 
 1.1802000E+02  1.3735396E+00  7.4835632E-06 
 1.1804000E+02  1.3744404E+00  5.0970430E-06 
 1.1806000E+02  1.3753412E+00  3.2040681E-06 
 1.1808000E+02  1.3762417E+00  1.9034976E-06 
 1.1810000E+02  1.3771421E+00  1.2450170E-06 
 1.1812000E+02  1.3780423E+00  1.2515914E-06 
 1.1814000E+02  1.3789423E+00  1.9252706E-06 
 1.1816000E+02  1.3798422E+00  3.2235762E-06 
 1.1818000E+02  1.3807419E+00  5.0632709E-06 
 1.1820000E+02  1.3816415E+00  7.3489363E-06 
 1.1822000E+02  1.3825408E+00  9.9710778E-06 
 1.1824000E+02  1.3834400E+00  1.2785787E-05 
 1.1826000E+02  1.3843391E+00  1.5631610E-05 
 1.1828000E+02  1.3852379E+00  1.8367029E-05 
 1.1830000E+02  1.3861366E+00  2.0869318E-05 
 1.1832000E+02  1.3870352E+00  2.3008196E-05 
 1.1834000E+02  1.3879335E+00  2.4655828E-05 
 1.1836000E+02  1.3888317E+00  2.5727383E-05 
 1.1838000E+02  1.3897297E+00  2.6189409E-05 
 1.1840000E+02  1.3906276E+00  2.6028524E-05 
 1.1842000E+02  1.3915253E+00  2.5238645E-05 
 1.1844000E+02  1.3924228E+00  2.3848298E-05 
 1.1846000E+02  1.3933201E+00  2.1939829E-05 
 1.1848000E+02  1.3942173E+00  1.9627045E-05 
 1.1850000E+02  1.3951143E+00  1.7024401E-05 
 1.1852000E+02  1.3960111E+00  1.4248155E-05 
 1.1854000E+02  1.3969078E+00  1.1434446E-05 
 1.1856000E+02  1.3978043E+00  8.7351351E-06 
 1.1858000E+02  1.3987006E+00  6.2910945E-06 
 1.1860000E+02  1.3995968E+00  4.2160054E-06 
 1.1862000E+02  1.4004927E+00  2.6029465E-06 
 1.1864000E+02  1.4013885E+00  1.5314282E-06 
 1.1866000E+02  1.4022842E+00  1.0574553E-06 
 1.1868000E+02  1.4031797E+00  1.1993864E-06 
 1.1870000E+02  1.4040750E+00  1.9388114E-06 
 1.1872000E+02  1.4049701E+00  3.2324208E-06 
 1.1874000E+02  1.4058650E+00  5.0165549E-06 
 1.1876000E+02  1.4067598E+00  7.2008647E-06 
 1.1878000E+02  1.4076544E+00  9.6664284E-06 
 1.1880000E+02  1.4085489E+00  1.2278573E-05 
 1.1882000E+02  1.4094431E+00  1.4904432E-05 
 1.1884000E+02  1.4103372E+00  1.7419318E-05 
 1.1886000E+02  1.4112312E+00  1.9701696E-05 
 1.1888000E+02  1.4121249E+00  2.1631609E-05 
 1.1890000E+02  1.4130185E+00  2.3102322E-05 
 1.1892000E+02  1.4139119E+00  2.4037418E-05 
 1.1894000E+02  1.4148052E+00  2.4398276E-05 
 1.1896000E+02  1.4156982E+00  2.4177605E-05 
 1.1898000E+02  1.4165911E+00  2.3389339E-05 
 1.1900000E+02  1.4174838E+00  2.2066789E-05 
 1.1902000E+02  1.4183764E+00  2.0269315E-05 
 1.1904000E+02  1.4192688E+00  1.8087327E-05 
 1.1906000E+02  1.4201610E+00  1.5637190E-05 
 1.1908000E+02  1.4210530E+00  1.3047905E-05 
 1.1910000E+02  1.4219448E+00  1.0448543E-05 
 1.1912000E+02  1.4228365E+00  7.9627103E-06 
 1.1914000E+02  1.4237280E+00  5.7082371E-06 
 1.1916000E+02  1.4246194E+00  3.7956773E-06 
 1.1918000E+02  1.4255105E+00  2.3218302E-06 
 1.1920000E+02  1.4264015E+00  1.3605383E-06 
 1.1922000E+02  1.4272923E+00  9.5605046E-07 
 1.1924000E+02  1.4281830E+00  1.1219753E-06 
 1.1926000E+02  1.4290734E+00  1.8442861E-06 
 1.1928000E+02  1.4299637E+00  3.0845146E-06 
 1.1930000E+02  1.4308539E+00  4.7808511E-06 
 1.1932000E+02  1.4317438E+00  6.8482420E-06 
 1.1934000E+02  1.4326336E+00  9.1804386E-06 
 1.1936000E+02  1.4335232E+00  1.1655868E-05 
 1.1938000E+02  1.4344126E+00  1.4146466E-05 
 1.1940000E+02  1.4353018E+00  1.6526692E-05 
 1.1942000E+02  1.4361909E+00  1.8680212E-05 
 1.1944000E+02  1.4370798E+00  2.0503716E-05 
 1.1946000E+02  1.4379685E+00  2.1909236E-05 
 1.1948000E+02  1.4388571E+00  2.2826851E-05 
 1.1950000E+02  1.4397454E+00  2.3208593E-05 
 1.1952000E+02  1.4406336E+00  2.3032836E-05 
 1.1954000E+02  1.4415216E+00  2.2307420E-05 
 1.1956000E+02  1.4424095E+00  2.1070058E-05 
 1.1958000E+02  1.4432972E+00  1.9385632E-05 
 1.1960000E+02  1.4441846E+00  1.7341173E-05 
 1.1962000E+02  1.4450720E+00  1.5039888E-05 
 1.1964000E+02  1.4459591E+00  1.2595384E-05 
 1.1966000E+02  1.4468461E+00  1.0126534E-05 
 1.1968000E+02  1.4477329E+00  7.7527607E-06 
 1.1970000E+02  1.4486195E+00  5.5892549E-06 
 1.1972000E+02  1.4495059E+00  3.7417902E-06 
 1.1974000E+02  1.4503922E+00  2.3012775E-06 
 1.1976000E+02  1.4512782E+00  1.3385862E-06 
 1.1978000E+02  1.4521641E+00  9.0033754E-07 
 1.1980000E+02  1.4530499E+00  1.0062498E-06 
 1.1982000E+02  1.4539354E+00  1.6483034E-06 
 1.1984000E+02  1.4548208E+00  2.7916549E-06 
 1.1986000E+02  1.4557060E+00  4.3769972E-06 
 1.1988000E+02  1.4565910E+00  6.3239831E-06 
 1.1990000E+02  1.4574758E+00  8.5353886E-06 
 1.1992000E+02  1.4583605E+00  1.0901796E-05 
 1.1994000E+02  1.4592450E+00  1.3306676E-05 
 1.1996000E+02  1.4601293E+00  1.5631767E-05 
 1.1998000E+02  1.4610134E+00  1.7762634E-05 
 1.2000000E+02  1.4618974E+00  1.9594195E-05 
 1.2002000E+02  1.4627812E+00  2.1035944E-05 
 1.2004000E+02  1.4636648E+00  2.2016560E-05 
 1.2006000E+02  1.4645482E+00  2.2487583E-05 
 1.2008000E+02  1.4654314E+00  2.2425920E-05 
 1.2010000E+02  1.4663145E+00  2.1835010E-05 
 1.2012000E+02  1.4671974E+00  2.0744576E-05 
 1.2014000E+02  1.4680801E+00  1.9209026E-05 
 1.2016000E+02  1.4689626E+00  1.7304596E-05 
 1.2018000E+02  1.4698449E+00  1.5125438E-05 
 1.2020000E+02  1.4707271E+00  1.2778865E-05 
 1.2022000E+02  1.4716091E+00  1.0380012E-05 
 1.2024000E+02  1.4724909E+00  8.0461745E-06 
 1.2026000E+02  1.4733725E+00  5.8910989E-06 
 1.2028000E+02  1.4742540E+00  4.0194790E-06 
 1.2030000E+02  1.4751352E+00  2.5219209E-06 
 1.2032000E+02  1.4760163E+00  1.4706017E-06 
 1.2034000E+02  1.4768972E+00  9.1582535E-07 
 1.2036000E+02  1.4777780E+00  8.8363664E-07 
 1.2038000E+02  1.4786585E+00  1.3746077E-06 
 1.2040000E+02  1.4795389E+00  2.3638559E-06 
 1.2042000E+02  1.4804191E+00  3.8022929E-06 
 1.2044000E+02  1.4812991E+00  5.6190473E-06 
 1.2046000E+02  1.4821789E+00  7.7249409E-06 
 1.2048000E+02  1.4830585E+00  1.0016851E-05 
 1.2050000E+02  1.4839380E+00  1.2382747E-05 
 1.2052000E+02  1.4848173E+00  1.4707149E-05 
 1.2054000E+02  1.4856964E+00  1.6876751E-05 
 1.2056000E+02  1.4865753E+00  1.8785923E-05 
 1.2058000E+02  1.4874541E+00  2.0341837E-05 
 1.2060000E+02  1.4883326E+00  2.1468956E-05 
 1.2062000E+02  1.4892110E+00  2.2112678E-05 
 1.2064000E+02  1.4900892E+00  2.2241953E-05 
 1.2066000E+02  1.4909672E+00  2.1850760E-05 
 1.2068000E+02  1.4918451E+00  2.0958358E-05 
 1.2070000E+02  1.4927227E+00  1.9608323E-05 
 1.2072000E+02  1.4936002E+00  1.7866394E-05 
 1.2074000E+02  1.4944775E+00  1.5817271E-05 
 1.2076000E+02  1.4953546E+00  1.3560477E-05 
 1.2078000E+02  1.4962315E+00  1.1205534E-05 
 1.2080000E+02  1.4971083E+00  8.8666432E-06 
 1.2082000E+02  1.4979848E+00  6.6571627E-06 
 1.2084000E+02  1.4988612E+00  4.6841241E-06 
 1.2086000E+02  1.4997374E+00  3.0430676E-06 
 1.2088000E+02  1.5006134E+00  1.8134367E-06 
 1.2090000E+02  1.5014892E+00  1.0547559E-06 
 1.2092000E+02  1.5023649E+00  8.0377422E-07 
 1.2094000E+02  1.5032403E+00  1.0727103E-06 
 1.2096000E+02  1.5041156E+00  1.8486826E-06 
 1.2098000E+02  1.5049907E+00  3.0943497E-06 
 1.2100000E+02  1.5058656E+00  4.7497299E-06 
 1.2102000E+02  1.5067404E+00  6.7351088E-06 
 1.2104000E+02  1.5076149E+00  8.9548959E-06 
 1.2106000E+02  1.5084893E+00  1.1302243E-05 
 1.2108000E+02  1.5093635E+00  1.3664198E-05 
 1.2110000E+02  1.5102374E+00  1.5927152E-05 
 1.2112000E+02  1.5111113E+00  1.7982310E-05 
 1.2114000E+02  1.5119849E+00  1.9730922E-05 
 1.2116000E+02  1.5128583E+00  2.1089028E-05 
 1.2118000E+02  1.5137316E+00  2.1991483E-05 
 1.2120000E+02  1.5146047E+00  2.2395064E-05 
 1.2122000E+02  1.5154776E+00  2.2280526E-05 
 1.2124000E+02  1.5163503E+00  2.1653494E-05 
 1.2126000E+02  1.5172228E+00  2.0544160E-05 
 1.2128000E+02  1.5180951E+00  1.9005806E-05 
 1.2130000E+02  1.5189673E+00  1.7112228E-05 
 1.2132000E+02  1.5198392E+00  1.4954198E-05 
 1.2134000E+02  1.5207110E+00  1.2635126E-05 
 1.2136000E+02  1.5215826E+00  1.0266150E-05 
 1.2138000E+02  1.5224540E+00  7.9608684E-06 
 1.2140000E+02  1.5233252E+00  5.8299714E-06 
 1.2142000E+02  1.5241963E+00  3.9760012E-06 
 1.2144000E+02  1.5250671E+00  2.4884784E-06 
 1.2146000E+02  1.5259378E+00  1.4396091E-06 
 1.2148000E+02  1.5268083E+00  8.8077065E-07 
 1.2150000E+02  1.5276786E+00  8.3995232E-07 
 1.2152000E+02  1.5285487E+00  1.3202976E-06 
 1.2154000E+02  1.5294186E+00  2.2998582E-06 
 1.2156000E+02  1.5302883E+00  3.7326132E-06 
 1.2158000E+02  1.5311579E+00  5.5507343E-06 
 1.2160000E+02  1.5320273E+00  7.6679842E-06 
 1.2162000E+02  1.5328964E+00  9.9840424E-06 
 1.2164000E+02  1.5337654E+00  1.2389468E-05 
 1.2166000E+02  1.5346342E+00  1.4770967E-05 
 1.2168000E+02  1.5355028E+00  1.7016648E-05 
 1.2170000E+02  1.5363713E+00  1.9021008E-05 
 1.2172000E+02  1.5372395E+00  2.0689523E-05 
 1.2174000E+02  1.5381076E+00  2.1942777E-05 
 1.2176000E+02  1.5389754E+00  2.2720140E-05 
 1.2178000E+02  1.5398431E+00  2.2982925E-05 
 1.2180000E+02  1.5407106E+00  2.2716834E-05 
 1.2182000E+02  1.5415779E+00  2.1933357E-05 
 1.2184000E+02  1.5424450E+00  2.0669726E-05 
 1.2186000E+02  1.5433120E+00  1.8987142E-05 
 1.2188000E+02  1.5441787E+00  1.6967291E-05 
 1.2190000E+02  1.5450452E+00  1.4707559E-05 
 1.2192000E+02  1.5459116E+00  1.2315639E-05 
 1.2194000E+02  1.5467778E+00  9.9042535E-06 
 1.2196000E+02  1.5476438E+00  7.5863983E-06 
 1.2198000E+02  1.5485096E+00  5.4710489E-06 
 1.2200000E+02  1.5493752E+00  3.6588938E-06 
 1.2202000E+02  1.5502406E+00  2.2377153E-06 
 1.2204000E+02  1.5511058E+00  1.2775261E-06 
 1.2206000E+02  1.5519709E+00  8.2620470E-07 
 1.2208000E+02  1.5528357E+00  9.0666516E-07 
 1.2210000E+02  1.5537004E+00  1.5161963E-06 
 1.2212000E+02  1.5545649E+00  2.6276860E-06 
 1.2214000E+02  1.5554292E+00  4.1916524E-06 
 1.2216000E+02  1.5562932E+00  6.1380634E-06 
 1.2218000E+02  1.5571572E+00  8.3779586E-06 
 1.2220000E+02  1.5580209E+00  1.0806127E-05 
 1.2222000E+02  1.5588844E+00  1.3306311E-05 
 1.2224000E+02  1.5597477E+00  1.5759042E-05 
 1.2226000E+02  1.5606109E+00  1.8050050E-05 
 1.2228000E+02  1.5614738E+00  2.0076244E-05 
 1.2230000E+02  1.5623366E+00  2.1747731E-05 
 1.2232000E+02  1.5631992E+00  2.2987636E-05 
 1.2234000E+02  1.5640616E+00  2.3733607E-05 
 1.2236000E+02  1.5649238E+00  2.3943470E-05 
 1.2238000E+02  1.5657858E+00  2.3603047E-05 
 1.2240000E+02  1.5666476E+00  2.2730631E-05 
 1.2242000E+02  1.5675092E+00  2.1373958E-05 
 1.2244000E+02  1.5683706E+00  1.9601338E-05 
 1.2246000E+02  1.5692319E+00  1.7493626E-05 
 1.2248000E+02  1.5700929E+00  1.5142412E-05 
 1.2250000E+02  1.5709538E+00  1.2652781E-05 
 1.2252000E+02  1.5718145E+00  1.0143369E-05 
 1.2254000E+02  1.5726749E+00  7.7386061E-06 
 1.2256000E+02  1.5735352E+00  5.5562722E-06 
 1.2258000E+02  1.5743953E+00  3.6984630E-06 
 1.2260000E+02  1.5752552E+00  2.2498929E-06 
 1.2262000E+02  1.5761149E+00  1.2790014E-06 
 1.2264000E+02  1.5769744E+00  8.3531250E-07 
 1.2266000E+02  1.5778338E+00  9.4346613E-07 
 1.2268000E+02  1.5786929E+00  1.6004728E-06 
 1.2270000E+02  1.5795518E+00  2.7788503E-06 
 1.2272000E+02  1.5804106E+00  4.4297943E-06 
 1.2274000E+02  1.5812691E+00  6.4811682E-06 
 1.2276000E+02  1.5821275E+00  8.8358023E-06 
 1.2278000E+02  1.5829857E+00  1.1379760E-05 
 1.2280000E+02  1.5838436E+00  1.3997677E-05 
 1.2282000E+02  1.5847014E+00  1.6579446E-05 
 1.2284000E+02  1.5855590E+00  1.9012290E-05 
 1.2286000E+02  1.5864164E+00  2.1175462E-05 
 1.2288000E+02  1.5872736E+00  2.2955749E-05 
 1.2290000E+02  1.5881306E+00  2.4272071E-05 
 1.2292000E+02  1.5889874E+00  2.5078966E-05 
 1.2294000E+02  1.5898441E+00  2.5345791E-05 
 1.2296000E+02  1.5907005E+00  2.5045978E-05 
 1.2298000E+02  1.5915567E+00  2.4177730E-05 
 1.2300000E+02  1.5924128E+00  2.2787138E-05 
 1.2302000E+02  1.5932686E+00  2.0956005E-05 
 1.2304000E+02  1.5941243E+00  1.8769747E-05 
 1.2306000E+02  1.5949797E+00  1.6312372E-05 
 1.2308000E+02  1.5958350E+00  1.3690412E-05 
 1.2310000E+02  1.5966901E+00  1.1038646E-05 
 1.2312000E+02  1.5975449E+00  8.4912755E-06 
 1.2314000E+02  1.5983996E+00  6.1600080E-06 
 1.2316000E+02  1.5992541E+00  4.1446441E-06 
 1.2318000E+02  1.6001084E+00  2.5443126E-06 
 1.2320000E+02  1.6009625E+00  1.4432199E-06 
 1.2322000E+02  1.6018164E+00  8.9510874E-07 
 1.2324000E+02  1.6026701E+00  9.2668104E-07 
 1.2326000E+02  1.6035236E+00  1.5404707E-06 
 1.2328000E+02  1.6043769E+00  2.7093794E-06 
 1.2330000E+02  1.6052300E+00  4.3830383E-06 
 1.2332000E+02  1.6060830E+00  6.4970478E-06 
 1.2334000E+02  1.6069357E+00  8.9600249E-06 
 1.2336000E+02  1.6077882E+00  1.1647633E-05 
 1.2338000E+02  1.6086406E+00  1.4435512E-05 
 1.2340000E+02  1.6094927E+00  1.7217775E-05 
 1.2342000E+02  1.6103447E+00  1.9872426E-05 
 1.2344000E+02  1.6111964E+00  2.2253578E-05 
 1.2346000E+02  1.6120480E+00  2.4249881E-05 
 1.2348000E+02  1.6128993E+00  2.5799470E-05 
 1.2350000E+02  1.6137505E+00  2.6829765E-05 
 1.2352000E+02  1.6146014E+00  2.7260196E-05 
 1.2354000E+02  1.6154522E+00  2.7077271E-05 
 1.2356000E+02  1.6163028E+00  2.6320869E-05 
 1.2358000E+02  1.6171531E+00  2.5009328E-05 
 1.2360000E+02  1.6180033E+00  2.3172580E-05 
 1.2362000E+02  1.6188533E+00  2.0916475E-05 
 1.2364000E+02  1.6197031E+00  1.8364698E-05 
 1.2366000E+02  1.6205527E+00  1.5606343E-05 
 1.2368000E+02  1.6214021E+00  1.2758190E-05 
 1.2370000E+02  1.6222512E+00  9.9788469E-06 
 1.2372000E+02  1.6231002E+00  7.3957672E-06 
 1.2374000E+02  1.6239490E+00  5.1084740E-06 
 1.2376000E+02  1.6247976E+00  3.2331091E-06 
 1.2378000E+02  1.6256460E+00  1.8703850E-06 
 1.2380000E+02  1.6264942E+00  1.0787815E-06 
 1.2382000E+02  1.6273422E+00  8.9584262E-07 
 1.2384000E+02  1.6281900E+00  1.3367712E-06 
 1.2386000E+02  1.6290376E+00  2.3907501E-06 
 1.2388000E+02  1.6298850E+00  4.0197341E-06 
 1.2390000E+02  1.6307322E+00  6.1421053E-06 
 1.2392000E+02  1.6315792E+00  8.6659182E-06 
 1.2394000E+02  1.6324261E+00  1.1503267E-05 
 1.2396000E+02  1.6332727E+00  1.4512652E-05 
 1.2398000E+02  1.6341191E+00  1.7543397E-05 
 1.2400000E+02  1.6349653E+00  2.0496673E-05 
 1.2402000E+02  1.6358113E+00  2.3232028E-05 
 1.2404000E+02  1.6366571E+00  2.5590411E-05 
 1.2406000E+02  1.6375027E+00  2.7506283E-05 
 1.2408000E+02  1.6383481E+00  2.8897372E-05 
 1.2410000E+02  1.6391934E+00  2.9650652E-05 
 1.2412000E+02  1.6400384E+00  2.9770217E-05 
 1.2414000E+02  1.6408832E+00  2.9264335E-05 
 1.2416000E+02  1.6417278E+00  2.8099760E-05 
 1.2418000E+02  1.6425722E+00  2.6363655E-05 
 1.2420000E+02  1.6434164E+00  2.4151839E-05 
 1.2422000E+02  1.6442605E+00  2.1510878E-05 
 1.2424000E+02  1.6451043E+00  1.8592888E-05 
 1.2426000E+02  1.6459479E+00  1.5544740E-05 
 1.2428000E+02  1.6467913E+00  1.2461519E-05 
 1.2430000E+02  1.6476345E+00  9.5137986E-06 
 1.2432000E+02  1.6484775E+00  6.8440907E-06 
 1.2434000E+02  1.6493203E+00  4.5475987E-06 
 1.2436000E+02  1.6501630E+00  2.7535330E-06 
 1.2438000E+02  1.6510054E+00  1.5491187E-06 
 1.2440000E+02  1.6518476E+00  9.8200682E-07 
 1.2442000E+02  1.6526896E+00  1.0900742E-06 
 1.2444000E+02  1.6535314E+00  1.8812825E-06 
 1.2446000E+02  1.6543730E+00  3.3223854E-06 
 1.2448000E+02  1.6552144E+00  5.3451789E-06 
 1.2450000E+02  1.6560556E+00  7.8891579E-06 
 1.2452000E+02  1.6568966E+00  1.0829734E-05 
 1.2454000E+02  1.6577374E+00  1.4029991E-05 
 1.2456000E+02  1.6585780E+00  1.7391002E-05 
 1.2458000E+02  1.6594184E+00  2.0720251E-05 
 1.2460000E+02  1.6602586E+00  2.3891467E-05 
 1.2462000E+02  1.6610986E+00  2.6790000E-05 
 1.2464000E+02  1.6619384E+00  2.9226144E-05 
 1.2466000E+02  1.6627779E+00  3.1154986E-05 
 1.2468000E+02  1.6636173E+00  3.2460025E-05 
 1.2470000E+02  1.6644565E+00  3.3058267E-05 
 1.2472000E+02  1.6652955E+00  3.2987485E-05 
 1.2474000E+02  1.6661342E+00  3.2172191E-05 
 1.2476000E+02  1.6669728E+00  3.0696419E-05 
 1.2478000E+02  1.6678112E+00  2.8623188E-05 
 1.2480000E+02  1.6686493E+00  2.5997001E-05 
 1.2482000E+02  1.6694873E+00  2.3004229E-05 
 1.2484000E+02  1.6703251E+00  1.9714242E-05 
 1.2486000E+02  1.6711626E+00  1.6306932E-05 
 1.2488000E+02  1.6720000E+00  1.2941629E-05 
 1.2490000E+02  1.6728371E+00  9.7351626E-06 
 1.2492000E+02  1.6736741E+00  6.8804429E-06 
 1.2494000E+02  1.6745108E+00  4.4719080E-06 
 1.2496000E+02  1.6753473E+00  2.6403454E-06 
 1.2498000E+02  1.6761837E+00  1.4769395E-06 
 1.2500000E+02  1.6770198E+00  1.0275640E-06 
 1.2502000E+02  1.6778557E+00  1.3329702E-06 
 1.2504000E+02  1.6786914E+00  2.3880675E-06 
 1.2506000E+02  1.6795269E+00  4.1406759E-06 
 1.2508000E+02  1.6803622E+00  6.5470822E-06 
 1.2510000E+02  1.6811974E+00  9.4841272E-06 
 1.2512000E+02  1.6820323E+00  1.2842907E-05 
 1.2514000E+02  1.6828669E+00  1.6490431E-05 
 1.2516000E+02  1.6837014E+00  2.0237084E-05 
 1.2518000E+02  1.6845357E+00  2.3979802E-05 
 1.2520000E+02  1.6853698E+00  2.7484667E-05 
 1.2522000E+02  1.6862037E+00  3.0673803E-05 
 1.2524000E+02  1.6870373E+00  3.3344158E-05 
 1.2526000E+02  1.6878708E+00  3.5419113E-05 
 1.2528000E+02  1.6887041E+00  3.6794712E-05 
 1.2530000E+02  1.6895371E+00  3.7387847E-05 
 1.2532000E+02  1.6903699E+00  3.7220441E-05 
 1.2534000E+02  1.6912026E+00  3.6223040E-05 
 1.2536000E+02  1.6920350E+00  3.4525741E-05 
 1.2538000E+02  1.6928672E+00  3.2106105E-05 
 1.2540000E+02  1.6936993E+00  2.9159452E-05 
 1.2542000E+02  1.6945311E+00  2.5733720E-05 
 1.2544000E+02  1.6953627E+00  2.2043460E-05 
 1.2546000E+02  1.6961941E+00  1.8205727E-05 
 1.2548000E+02  1.6970253E+00  1.4418303E-05 
 1.2550000E+02  1.6978563E+00  1.0841226E-05 
 1.2552000E+02  1.6986870E+00  7.6321920E-06 
 1.2554000E+02  1.6995176E+00  4.9533890E-06 
 1.2556000E+02  1.7003480E+00  2.9091591E-06 
 1.2558000E+02  1.7011781E+00  1.6216580E-06 
 1.2560000E+02  1.7020081E+00  1.1357039E-06 
 1.2562000E+02  1.7028378E+00  1.5009686E-06 
 1.2564000E+02  1.7036674E+00  2.7026818E-06 
 1.2566000E+02  1.7044967E+00  4.7016922E-06 
 1.2568000E+02  1.7053258E+00  7.4303047E-06 
 1.2570000E+02  1.7061547E+00  1.0762024E-05 
 1.2572000E+02  1.7069835E+00  1.4590330E-05 
 1.2574000E+02  1.7078119E+00  1.8718808E-05 
 1.2576000E+02  1.7086402E+00  2.3023032E-05 
 1.2578000E+02  1.7094683E+00  2.7265877E-05 
 1.2580000E+02  1.7102962E+00  3.1330186E-05 
 1.2582000E+02  1.7111239E+00  3.4973800E-05 
 1.2584000E+02  1.7119513E+00  3.8111982E-05 
 1.2586000E+02  1.7127786E+00  4.0534051E-05 
 1.2588000E+02  1.7136056E+00  4.2207776E-05 
 1.2590000E+02  1.7144324E+00  4.2985975E-05 
 1.2592000E+02  1.7152591E+00  4.2899445E-05 
 1.2594000E+02  1.7160855E+00  4.1887390E-05 
 1.2596000E+02  1.7169117E+00  4.0041987E-05 
 1.2598000E+02  1.7177377E+00  3.7398830E-05 
 1.2600000E+02  1.7185635E+00  3.4097992E-05 
 1.2602000E+02  1.7193890E+00  3.0265876E-05 
 1.2604000E+02  1.7202144E+00  2.6068650E-05 
 1.2606000E+02  1.7210395E+00  2.1701252E-05 
 1.2608000E+02  1.7218645E+00  1.7331472E-05 
 1.2610000E+02  1.7226892E+00  1.3185474E-05 
 1.2612000E+02  1.7235138E+00  9.4108951E-06 
 1.2614000E+02  1.7243381E+00  6.2188520E-06 
 1.2616000E+02  1.7251622E+00  3.7198939E-06 
 1.2618000E+02  1.7259861E+00  2.0661543E-06 
 1.2620000E+02  1.7268098E+00  1.3164678E-06 
 1.2622000E+02  1.7276332E+00  1.5367533E-06 
 1.2624000E+02  1.7284565E+00  2.7172625E-06 
 1.2626000E+02  1.7292796E+00  4.8376824E-06 
 1.2628000E+02  1.7301024E+00  7.8012368E-06 
 1.2630000E+02  1.7309250E+00  1.1525872E-05 
 1.2632000E+02  1.7317475E+00  1.5820485E-05 
 1.2634000E+02  1.7325697E+00  2.0570677E-05 
 1.2636000E+02  1.7333917E+00  2.5516201E-05 
 1.2638000E+02  1.7342135E+00  3.0519919E-05 
 1.2640000E+02  1.7350350E+00  3.5320242E-05 
 1.2642000E+02  1.7358564E+00  3.9743239E-05 
 1.2644000E+02  1.7366776E+00  4.3611138E-05 
 1.2646000E+02  1.7374985E+00  4.6708947E-05 
 1.2648000E+02  1.7383192E+00  4.8987532E-05 
 1.2650000E+02  1.7391398E+00  5.0242265E-05 
 1.2652000E+02  1.7399601E+00  5.0516993E-05 
 1.2654000E+02  1.7407802E+00  4.9721223E-05 
 1.2656000E+02  1.7416000E+00  4.7911965E-05 
 1.2658000E+02  1.7424197E+00  4.5187177E-05 
 1.2660000E+02  1.7432392E+00  4.1588543E-05 
 1.2662000E+02  1.7440584E+00  3.7360731E-05 
 1.2664000E+02  1.7448775E+00  3.2593767E-05 
 1.2666000E+02  1.7456963E+00  2.7549359E-05 
 1.2668000E+02  1.7465149E+00  2.2431900E-05 
 1.2670000E+02  1.7473333E+00  1.7435697E-05 
 1.2672000E+02  1.7481515E+00  1.2835111E-05 
 1.2674000E+02  1.7489694E+00  8.7795188E-06 
 1.2676000E+02  1.7497872E+00  5.4948900E-06 
 1.2678000E+02  1.7506047E+00  3.1177348E-06 
 1.2680000E+02  1.7514221E+00  1.7651765E-06 
 1.2682000E+02  1.7522392E+00  1.5236771E-06 
 1.2684000E+02  1.7530561E+00  2.4082014E-06 
 1.2686000E+02  1.7538728E+00  4.4212223E-06 
 1.2688000E+02  1.7546893E+00  7.4694239E-06 
 1.2690000E+02  1.7555055E+00  1.1476789E-05 
 1.2692000E+02  1.7563216E+00  1.6267404E-05 
 1.2694000E+02  1.7571374E+00  2.1652359E-05 
 1.2696000E+02  1.7579530E+00  2.7460054E-05 
 1.2698000E+02  1.7587684E+00  3.3392454E-05 
 1.2700000E+02  1.7595836E+00  3.9262177E-05 
 1.2702000E+02  1.7603986E+00  4.4825807E-05 
 1.2704000E+02  1.7612134E+00  4.9795374E-05 
 1.2706000E+02  1.7620279E+00  5.4049471E-05 
 1.2708000E+02  1.7628422E+00  5.7351729E-05 
 1.2710000E+02  1.7636564E+00  5.9543514E-05 
 1.2712000E+02  1.7644703E+00  6.0609273E-05 
 1.2714000E+02  1.7652840E+00  6.0411880E-05 
 1.2716000E+02  1.7660974E+00  5.8978426E-05 
 1.2718000E+02  1.7669107E+00  5.6417452E-05 
 1.2720000E+02  1.7677237E+00  5.2741789E-05 
 1.2722000E+02  1.7685366E+00  4.8150288E-05 
 1.2724000E+02  1.7693492E+00  4.2860029E-05 
 1.2726000E+02  1.7701616E+00  3.7018060E-05 
 1.2728000E+02  1.7709738E+00  3.0924879E-05 
 1.2730000E+02  1.7717857E+00  2.4849811E-05 
 1.2732000E+02  1.7725975E+00  1.9002540E-05 
 1.2734000E+02  1.7734090E+00  1.3684154E-05 
 1.2736000E+02  1.7742203E+00  9.1310956E-06 
 1.2738000E+02  1.7750314E+00  5.5210508E-06 
 1.2740000E+02  1.7758423E+00  3.0565622E-06 
 1.2742000E+02  1.7766530E+00  1.8552242E-06 
 1.2744000E+02  1.7774634E+00  1.9828847E-06 
 1.2746000E+02  1.7782737E+00  3.4808385E-06 
 1.2748000E+02  1.7790837E+00  6.2935161E-06 
 1.2750000E+02  1.7798935E+00  1.0337680E-05 
 1.2752000E+02  1.7807031E+00  1.5491962E-05 
 1.2754000E+02  1.7815124E+00  2.1530354E-05 
 1.2756000E+02  1.7823216E+00  2.8234567E-05 
 1.2758000E+02  1.7831305E+00  3.5382384E-05 
 1.2760000E+02  1.7839392E+00  4.2646999E-05 
 1.2762000E+02  1.7847477E+00  4.9731793E-05 
 1.2764000E+02  1.7855560E+00  5.6410531E-05 
 1.2766000E+02  1.7863641E+00  6.2378404E-05 
 1.2768000E+02  1.7871719E+00  6.7346004E-05 
 1.2770000E+02  1.7879796E+00  7.1167319E-05 
 1.2772000E+02  1.7887870E+00  7.3689568E-05 
 1.2774000E+02  1.7895942E+00  7.4732828E-05 
 1.2776000E+02  1.7904011E+00  7.4269925E-05 
 1.2778000E+02  1.7912079E+00  7.2366941E-05 
 1.2780000E+02  1.7920144E+00  6.9045288E-05 
 1.2782000E+02  1.7928208E+00  6.4400910E-05 
 1.2784000E+02  1.7936269E+00  5.8676686E-05 
 1.2786000E+02  1.7944327E+00  5.2114727E-05 
 1.2788000E+02  1.7952384E+00  4.4931171E-05 
 1.2790000E+02  1.7960439E+00  3.7434253E-05 
 1.2792000E+02  1.7968491E+00  2.9983937E-05 
 1.2794000E+02  1.7976541E+00  2.2880477E-05 
 1.2796000E+02  1.7984589E+00  1.6404292E-05 
 1.2798000E+02  1.7992635E+00  1.0866379E-05 
 1.2800000E+02  1.8000678E+00  6.5362865E-06 
 1.2802000E+02  1.8008719E+00  3.6011645E-06 
 1.2804000E+02  1.8016758E+00  2.2120413E-06 
 1.2806000E+02  1.8024795E+00  2.4794130E-06 
 1.2808000E+02  1.8032830E+00  4.4231686E-06 
 1.2810000E+02  1.8040863E+00  7.9894271E-06 
 1.2812000E+02  1.8048893E+00  1.3086210E-05 
 1.2814000E+02  1.8056921E+00  1.9551634E-05 
 1.2816000E+02  1.8064947E+00  2.7132569E-05 
 1.2818000E+02  1.8072971E+00  3.5540781E-05 
 1.2820000E+02  1.8080992E+00  4.4488789E-05 
 1.2822000E+02  1.8089012E+00  5.3646446E-05 
 1.2824000E+02  1.8097029E+00  6.2625549E-05 
 1.2826000E+02  1.8105044E+00  7.1053072E-05 
 1.2828000E+02  1.8113056E+00  7.8623671E-05 
 1.2830000E+02  1.8121067E+00  8.5058280E-05 
 1.2832000E+02  1.8129075E+00  9.0066853E-05 
 1.2834000E+02  1.8137081E+00  9.3403382E-05 
 1.2836000E+02  1.8145085E+00  9.4936111E-05 
 1.2838000E+02  1.8153087E+00  9.4630193E-05 
 1.2840000E+02  1.8161086E+00  9.2486281E-05 
 1.2842000E+02  1.8169084E+00  8.8541590E-05 
 1.2844000E+02  1.8177079E+00  8.2927854E-05 
 1.2846000E+02  1.8185071E+00  7.5889688E-05 
 1.2848000E+02  1.8193062E+00  6.7733386E-05 
 1.2850000E+02  1.8201050E+00  5.8778001E-05 
 1.2852000E+02  1.8209037E+00  4.9363048E-05 
 1.2854000E+02  1.8217021E+00  3.9875740E-05 
 1.2856000E+02  1.8225002E+00  3.0737857E-05 
 1.2858000E+02  1.8232982E+00  2.2357091E-05 
 1.2860000E+02  1.8240959E+00  1.5094026E-05 
 1.2862000E+02  1.8248934E+00  9.2648260E-06 
 1.2864000E+02  1.8256907E+00  5.1490324E-06 
 1.2866000E+02  1.8264878E+00  2.9732178E-06 
 1.2868000E+02  1.8272846E+00  2.8819774E-06 
 1.2870000E+02  1.8280812E+00  4.9259519E-06 
 1.2872000E+02  1.8288776E+00  9.0724266E-06 
 1.2874000E+02  1.8296738E+00  1.5216684E-05 
 1.2876000E+02  1.8304697E+00  2.3177843E-05 
 1.2878000E+02  1.8312654E+00  3.2689333E-05 
 1.2880000E+02  1.8320610E+00  4.3404972E-05 
 1.2882000E+02  1.8328562E+00  5.4924958E-05 
 1.2884000E+02  1.8336513E+00  6.6824928E-05 
 1.2886000E+02  1.8344461E+00  7.8670723E-05 
 1.2888000E+02  1.8352407E+00  9.0020093E-05 
 1.2890000E+02  1.8360351E+00  1.0042776E-04 
 1.2892000E+02  1.8368293E+00  1.0946630E-04 
 1.2894000E+02  1.8376232E+00  1.1675845E-04 
 1.2896000E+02  1.8384169E+00  1.2200502E-04 
 1.2898000E+02  1.8392104E+00  1.2499651E-04 
 1.2900000E+02  1.8400037E+00  1.2561051E-04 
 1.2902000E+02  1.8407967E+00  1.2380626E-04 
 1.2904000E+02  1.8415895E+00  1.1962617E-04 
 1.2906000E+02  1.8423821E+00  1.1320413E-04 
 1.2908000E+02  1.8431745E+00  1.0477252E-04 
 1.2910000E+02  1.8439666E+00  9.4659176E-05 
 1.2912000E+02  1.8447585E+00  8.3272249E-05 
 1.2914000E+02  1.8455502E+00  7.1077414E-05 
 1.2916000E+02  1.8463417E+00  5.8574577E-05 
 1.2918000E+02  1.8471330E+00  4.6278502E-05 
 1.2920000E+02  1.8479240E+00  3.4703211E-05 
 1.2922000E+02  1.8487148E+00  2.4346961E-05 
 1.2924000E+02  1.8495053E+00  1.5674847E-05 
 1.2926000E+02  1.8502957E+00  9.0986453E-06 
 1.2928000E+02  1.8510858E+00  4.9561279E-06 
 1.2930000E+02  1.8518757E+00  3.4932047E-06 
 1.2932000E+02  1.8526654E+00  4.8514601E-06 
 1.2934000E+02  1.8534548E+00  9.0618668E-06 
 1.2936000E+02  1.8542440E+00  1.6043885E-05 
 1.2938000E+02  1.8550330E+00  2.5608532E-05 
 1.2940000E+02  1.8558218E+00  3.7464345E-05 
 1.2942000E+02  1.8566103E+00  5.1225971E-05 
 1.2944000E+02  1.8573986E+00  6.6425772E-05 
 1.2946000E+02  1.8581867E+00  8.2528988E-05 
 1.2948000E+02  1.8589745E+00  9.8952643E-05 
 1.2950000E+02  1.8597622E+00  1.1508772E-04 
 1.2952000E+02  1.8605496E+00  1.3032357E-04 
 1.2954000E+02  1.8613368E+00  1.4407304E-04 
 1.2956000E+02  1.8621237E+00  1.5579699E-04 
 1.2958000E+02  1.8629104E+00  1.6502684E-04 
 1.2960000E+02  1.8636969E+00  1.7138417E-04 
 1.2962000E+02  1.8644832E+00  1.7459681E-04 
 1.2964000E+02  1.8652692E+00  1.7451095E-04 
 1.2966000E+02  1.8660551E+00  1.7109892E-04 
 1.2968000E+02  1.8668406E+00  1.6446255E-04 
 1.2970000E+02  1.8676260E+00  1.5483179E-04 
 1.2972000E+02  1.8684111E+00  1.4255863E-04 
 1.2974000E+02  1.8691960E+00  1.2810635E-04 
 1.2976000E+02  1.8699807E+00  1.1203417E-04 
 1.2978000E+02  1.8707652E+00  9.4977988E-05 
 1.2980000E+02  1.8715494E+00  7.7627552E-05 
 1.2982000E+02  1.8723334E+00  6.0700959E-05 
 1.2984000E+02  1.8731172E+00  4.4917458E-05 
 1.2986000E+02  1.8739007E+00  3.0969518E-05 
 1.2988000E+02  1.8746840E+00  1.9495295E-05 
 1.2990000E+02  1.8754671E+00  1.1052579E-05 
 1.2992000E+02  1.8762499E+00  6.0952759E-06 
 1.2994000E+02  1.8770326E+00  4.9533878E-06 
 1.2996000E+02  1.8778150E+00  7.8173537E-06 
 1.2998000E+02  1.8785971E+00  1.4727432E-05 
 1.3000000E+02  1.8793791E+00  2.5568650E-05 
